96 0 95
32 68 195
77 23 844
21 87 525
92 69 71
10 49 27
59 73 483
7 12 783
45 63 879
11 47 750
16 93 230
44 74 916
86 54 73
15 14 186
0 95 841
34 85 472
5 58 546
3 20 783
56 57 304
7 84 822
68 39 875
63 21 284
10 89 415
57 77 680
44 66 129
24 71 123
78 68 311
25 84 433
31 26 758
77 26 363
12 66 155
62 42 513
91 6 398
52 44 345
31 77 338
0 41 732
82 62 5
73 34 27
60 94 479
76 4 504
30 32 948
58 26 129
57 30 268
37 83 273
57 73 642
26 5 609
82 79 77
70 53 323
82 84 375
40 89 887
77 61 320
26 87 588
3 27 965
67 76 246
37 44 849
60 26 187
40 16 448
20 5 839
76 71 668
25 89 433
17 0 237
0 20 164
50 74 683
40 48 915
0 13 319
17 42 696
74 53 703
43 64 665
86 77 397
72 42 246
85 23 843
44 24 822
47 43 984
42 38 748
31 58 19
93 86 524
22 33 720
44 46 811
14 24 500
52 51 587
58 55 79
36 11 694
1 66 148
75 38 302
8 68 990
53 49 163
93 49 138
89 39 955
58 39 285
63 58 857
12 83 816
87 92 397
84 41 710
9 55 303
71 28 148
58 57 463
55 59 249
83 42 29
91 78 334
17 9 416
86 47 363
5 22 867
16 78 947
35 50 326
45 60 248
86 95 164
13 77 352
80 93 448
89 58 0
34 86 574
31 24 746
9 28 508
74 31 414
83 20 768
65 5 961
54 76 865
61 93 252
82 48 991
62 34 924
75 66 474
14 1 875
83 18 637
58 36 568
78 43 488
83 82 447
67 15 344
24 17 434
81 19 659
75 11 960
23 87 548
93 18 827
15 80 845
92 94 347
90 18 477
26 1 755
79 64 643
68 15 343
58 49 356
15 51 398
58 21 913
46 17 69
55 72 604
51 10 482
65 26 993
78 8 95
18 1 145
88 34 10
22 54 792
16 34 170
86 84 149
52 61 917
14 86 716
82 92 767
14 58 24
3 21 671
58 80 230
25 86 883
75 39 667
49 70 393
8 74 537
9 91 879
55 95 624
92 62 459
66 65 828
86 25 154
35 73 472
94 75 559
9 77 618
95 64 643
18 41 897
49 71 473
22 10 907
65 33 355
72 81 26
20 42 866
86 59 62
49 13 456
