192 0 191
145 73 317
12 11 191
164 186 343
78 142 835
189 21 474
177 8 473
44 3 578
139 180 401
97 22 880
36 183 328
0 7 743
186 39 974
91 30 329
138 75 76
64 62 232
137 169 82
126 28 659
89 31 278
87 73 861
182 171 470
136 94 401
3 77 109
5 126 247
146 115 815
119 170 310
133 31 542
126 157 677
156 97 328
131 128 282
151 106 78
118 21 751
127 19 626
110 54 931
56 67 374
71 188 200
114 47 986
63 56 781
93 17 114
177 18 168
51 7 40
87 163 965
126 137 543
136 184 822
168 158 912
34 134 727
69 128 424
53 59 997
91 82 942
118 61 576
92 35 981
91 191 637
25 27 147
2 50 902
154 138 808
98 81 858
174 120 335
165 58 580
82 114 539
153 21 65
135 177 130
103 144 666
64 18 875
61 145 254
109 63 11
13 185 50
89 13 770
94 29 179
162 81 996
13 189 62
182 13 517
105 176 738
162 49 856
169 6 942
36 120 954
9 144 547
0 139 290
96 31 718
19 132 908
111 93 208
36 21 883
71 146 372
162 46 134
122 66 190
165 146 632
126 167 623
12 80 777
120 1 590
15 122 286
134 126 483
185 153 155
18 163 41
124 61 284
56 17 474
107 94 765
15 65 434
143 173 635
89 80 502
139 149 856
55 186 964
90 65 524
18 96 250
87 41 780
32 57 100
21 126 230
67 186 743
115 177 142
78 106 921
64 184 498
63 37 642
17 67 348
188 129 599
30 127 29
90 153 794
7 110 152
128 47 427
88 30 322
166 184 136
52 141 150
19 171 177
114 133 322
134 178 41
22 190 202
118 33 545
53 143 8
97 60 941
115 58 338
57 129 783
34 102 486
191 181 778
170 7 340
157 110 105
86 11 213
57 94 84
157 144 813
98 74 850
7 186 861
18 124 371
6 158 62
100 35 597
98 114 211
44 85 319
155 40 852
166 132 901
8 155 64
157 76 768
167 77 628
121 98 505
44 73 235
104 162 78
47 170 873
63 169 734
147 101 493
79 146 239
5 78 315
144 43 268
111 116 876
142 143 920
53 19 556
6 109 713
33 184 991
171 165 500
146 143 136
157 22 691
82 58 302
112 178 856
164 47 2
59 61 608
117 113 611
2 73 23
57 44 391
150 86 386
35 133 673
84 170 378
141 32 832
58 1 871
92 53 583
188 40 696
158 57 848
114 119 412
30 96 377
111 160 188
25 85 559
135 153 960
108 103 347
80 25 180
163 182 226
109 159 6
38 56 195
107 6 742
13 84 856
68 98 660
8 174 595
7 28 998
31 153 355
66 78 401
9 28 288
98 89 874
8 50 248
118 176 419
25 112 730
126 91 47
104 72 547
176 96 117
191 61 840
33 97 22
66 150 852
68 84 727
86 26 510
34 105 863
137 92 623
182 9 167
42 47 390
39 174 382
77 58 524
120 86 941
187 22 394
115 5 331
138 96 731
151 87 404
150 38 569
164 92 427
22 106 346
61 122 708
148 20 93
130 150 69
110 81 182
152 50 628
57 187 696
123 78 103
100 4 91
160 126 37
114 66 990
179 47 383
111 156 929
190 29 209
114 37 844
128 181 991
86 118 779
80 89 498
178 21 827
188 75 680
2 164 238
17 117 391
12 129 728
123 9 512
104 68 212
158 124 992
124 63 771
164 17 999
88 122 603
92 47 898
187 75 995
101 141 243
109 64 806
62 19 949
0 182 819
70 79 620
90 35 79
171 29 267
67 102 582
26 85 865
127 69 547
171 58 180
157 140 881
83 42 446
123 12 648
35 184 442
33 30 298
153 167 934
131 41 156
140 173 410
0 117 954
113 103 827
64 144 550
183 0 779
138 89 356
79 70 120
163 133 831
164 42 468
101 80 320
29 168 830
30 8 964
91 81 715
83 153 149
35 46 859
72 19 368
91 9 217
166 64 467
136 191 275
154 136 556
120 48 426
11 81 156
127 182 206
72 113 219
137 45 505
120 182 477
70 182 920
133 39 606
71 77 400
124 101 445
17 15 879
94 93 433
185 3 61
42 58 306
76 19 367
186 190 465
83 2 961
105 44 76
134 2 913
52 185 307
103 1 475
98 35 743
49 86 450
159 101 498
188 20 658
79 174 458
78 52 63
92 72 989
3 106 896
101 91 662
174 121 285
97 58 762
111 67 294
103 92 651
100 142 385
111 163 596
135 165 422
157 143 894
45 40 379
90 155 392
109 59 368
3 122 226
42 79 162
54 45 229
46 67 220
54 78 38
162 139 247
167 42 785
14 135 783
32 188 817
121 188 205
133 61 932
62 7 311
72 139 510
191 24 114
129 21 680
127 188 26
15 157 768
28 191 678
104 182 335
31 191 882
67 139 512
