48 0 47
35 31 461
31 11 541
37 30 230
41 13 155
40 24 985
14 22 419
39 35 659
30 27 401
23 16 384
0 25 435
40 19 641
37 8 382
29 37 723
33 21 258
42 17 533
5 44 904
31 39 368
3 34 724
44 25 347
7 24 956
14 15 844
8 9 311
11 8 405
36 3 632
18 39 42
21 6 378
31 0 730
7 41 209
9 12 344
8 38 83
22 47 713
6 10 124
5 24 705
19 17 894
41 7 25
20 35 417
8 3 652
25 28 945
16 1 607
25 4 802
21 33 799
13 39 299
28 4 562
27 6 41
28 47 264
35 5 780
40 26 902
45 31 880
26 47 673
23 37 664
3 41 916
45 29 531
19 42 278
3 5 453
38 8 651
36 21 952
36 28 853
35 38 920
38 45 654
23 33 595
10 36 463
3 30 459
9 0 309
29 16 849
46 26 113
8 35 865
1 23 923
40 42 955
38 21 441
45 5 390
40 29 933
2 38 653
34 46 736
37 40 464
13 3 719
39 27 927
36 8 412
4 36 843
14 11 222
0 22 873
19 32 240
41 12 350
4 37 190
34 21 393
19 2 820
4 29 253
1 35 892
38 33 892
