3072 0 3071
199 1836 707
2227 2323 860
1984 679 273
404 1774 797
2078 1170 610
1289 2411 61
751 1505 956
580 380 301
1348 561 961
1625 1629 349
1131 2177 181
432 2191 232
2516 1453 243
1420 1666 544
344 681 494
1197 1388 432
2752 1086 884
1668 1256 649
142 2178 800
1076 796 546
2580 3070 204
286 2362 275
557 1302 812
2675 1381 877
475 1999 637
459 1797 489
854 720 783
2680 1500 866
2597 2037 984
3027 1566 341
1020 923 982
131 288 677
51 312 449
816 1576 394
1249 2716 703
238 2602 991
2225 1212 499
2060 826 270
933 2454 840
964 1479 142
2858 2663 454
1503 422 439
2817 2018 986
740 1072 803
1155 3062 892
2095 1756 865
2329 272 550
1240 1721 895
1702 676 434
749 2421 90
503 294 345
1599 941 475
840 1408 164
1138 2644 890
1053 2171 138
2010 578 913
1997 1619 216
2844 2288 10
2362 311 904
831 1200 203
79 2866 820
143 2229 88
1285 1138 393
33 2660 527
3014 2734 740
148 2448 300
1071 1263 158
2112 91 980
1865 158 355
1423 2450 666
377 379 331
1018 402 814
635 2446 58
1193 2485 269
2799 1263 586
373 1441 825
778 1743 534
899 962 204
1332 2503 528
112 880 724
346 2338 819
2458 1884 876
2820 1893 640
2222 1545 4
2119 9 119
1861 2078 347
1729 750 172
2310 1428 610
1551 1972 377
2127 2791 316
2092 1480 274
274 1642 468
86 2958 415
2106 62 11
2109 1974 531
890 1097 277
1356 1898 959
2585 473 614
2325 2713 984
740 941 105
2034 2390 92
2577 1344 278
2072 1484 479
2946 839 687
1410 514 762
1652 2455 754
2080 2851 922
832 2959 604
2549 2516 77
1667 2689 799
1493 904 62
1681 1661 762
1446 1171 83
1223 552 885
2080 1338 681
990 2397 954
2588 438 770
787 98 609
710 2476 733
2962 712 732
2030 1873 787
2593 2294 123
2329 254 282
716 2742 801
3015 1444 109
2766 1797 11
1745 1315 961
682 697 274
1170 328 558
764 908 325
2305 2712 379
2615 77 368
2231 1534 212
2060 270 670
1326 197 208
1273 1876 624
1164 2078 42
252 2647 874
2178 1018 980
2081 1701 849
975 2721 717
555 1636 492
2343 1808 485
2136 2252 5
2136 980 550
176 2919 425
951 674 688
2602 724 89
981 1698 177
1881 2798 105
727 1007 778
794 840 610
693 2692 211
2894 1323 331
1771 342 739
2378 1858 797
558 1040 258
1610 1367 276
2028 2677 869
3021 2978 26
1891 2083 302
2169 2360 188
862 1512 978
404 1127 230
422 1972 118
1020 1482 397
1126 2722 852
1273 35 858
2531 575 53
2045 1795 577
0 2801 934
499 2448 732
2342 2259 306
376 2231 159
1878 1819 873
1247 2377 889
59 1984 126
1936 675 210
2612 2456 914
1007 1435 237
2684 233 976
2450 397 478
2976 2804 951
2362 642 240
432 2218 660
2194 2960 648
1679 2891 841
2920 951 638
1303 1902 378
679 2431 817
187 1896 723
2816 2798 418
1419 1496 115
2508 2920 55
2456 1923 897
600 2086 191
2249 2451 174
93 576 192
876 2462 253
2592 545 203
1493 192 631
307 1189 499
134 2435 388
2195 1276 401
2180 1540 824
1382 199 717
655 101 253
1348 2272 107
540 820 714
421 361 590
517 1561 986
2953 734 642
286 2215 996
2363 1036 694
3023 2551 144
2447 1504 763
1580 2846 187
169 563 487
2802 1370 720
1537 1475 118
2062 2650 666
2531 969 775
1129 1464 65
2654 2699 277
1238 578 656
1073 1191 74
2842 2151 805
2015 439 567
2604 1207 967
2476 1850 347
493 503 688
265 3003 703
1710 2559 670
2138 2634 229
2560 813 856
1501 2964 948
1654 466 596
239 3038 42
766 2474 239
1186 1661 751
197 1804 372
1321 2884 855
2965 1567 908
1364 1480 356
1222 2040 999
1999 2101 595
2062 2612 312
435 2256 318
884 2365 284
79 286 250
2302 1021 333
3058 1298 971
1182 1392 924
1017 1665 682
1059 1313 513
515 611 328
273 2878 914
740 2434 585
2386 1936 161
2948 1349 521
3037 1084 775
612 2950 361
2453 1511 353
1104 2395 417
184 2646 947
814 2302 34
602 2410 416
2476 1540 457
1415 2520 608
1297 1354 698
718 933 889
21 780 336
260 1572 352
1626 2498 915
336 2473 485
2987 2949 990
130 2808 182
2251 470 241
2825 2791 836
2372 1212 174
2772 1123 978
2623 1629 231
1953 1459 123
535 1871 255
596 845 53
742 1524 901
2836 863 96
1035 1124 310
1031 168 172
1825 2181 889
939 2553 953
164 2301 307
486 1343 345
2818 1007 143
527 1451 612
2193 1391 957
2625 33 468
1387 973 189
2432 951 639
1501 761 692
1605 434 521
1224 1623 56
2603 276 760
697 2425 82
2468 343 779
1906 109 165
2978 689 568
1771 2882 566
2396 1988 614
426 1723 109
1389 2380 192
477 274 878
2968 1003 945
823 510 785
965 2805 951
1867 39 407
1724 2188 241
2725 109 621
1641 45 666
1170 1145 907
2437 2140 347
36 2619 876
1937 1695 362
154 1290 743
2644 731 417
1537 834 936
1288 2943 868
1129 1122 447
1940 957 941
1228 1986 420
350 1935 290
588 799 753
826 764 891
1295 591 577
834 1714 704
426 688 977
882 898 784
1198 2258 905
1271 307 209
367 555 183
2657 631 553
488 686 179
1509 2206 872
2842 828 202
781 1331 742
497 2571 4
2136 2626 979
107 1349 287
1377 968 237
2355 568 966
1357 1353 2
1461 142 364
2901 2613 642
808 2354 312
2160 636 639
2756 1945 739
1331 1579 619
990 2633 817
2603 2975 846
2162 159 124
1789 902 537
271 3050 235
1504 2158 252
1236 2337 595
2291 2387 27
2274 2688 536
1599 2874 924
5 414 434
2361 384 924
1098 2685 955
2491 2859 452
1940 2923 860
2205 1324 532
2818 2941 71
1310 539 968
1687 1704 239
1150 916 685
811 657 132
2628 2067 421
2131 2646 123
977 2463 155
1675 418 235
237 1645 934
2958 142 500
325 2063 166
1899 500 144
1972 1167 900
1148 2261 641
1167 589 339
1812 978 606
1829 2119 790
842 660 288
2249 3032 93
2030 337 724
2290 3025 385
338 427 112
2556 1617 947
318 1589 858
2381 1897 841
740 813 969
1989 2606 827
642 2809 520
90 2198 622
1974 1070 130
795 2049 964
115 2291 828
1476 2301 187
3056 1217 936
2359 1133 737
415 1436 181
2167 2790 352
3038 2310 399
406 173 128
1193 1781 577
1141 342 440
59 615 472
2337 2504 794
1575 2830 816
2249 465 669
1310 2795 855
2164 1116 85
1055 2217 827
2977 1459 128
396 172 430
2883 782 108
1318 1795 372
1664 307 557
418 875 906
2784 2452 200
1310 1723 99
1177 508 27
2405 586 769
2530 616 8
2450 1491 715
1344 879 250
1584 2978 38
2793 274 99
3000 1244 639
130 2689 646
2242 2290 361
133 2840 230
522 2872 828
3036 2870 497
1513 1280 751
61 1420 433
906 127 716
2320 2497 901
2007 516 115
1715 1338 827
2714 1292 980
283 1344 815
1543 519 527
2797 1909 173
2428 1944 379
2379 2591 703
1492 850 898
695 389 315
627 1548 808
2166 528 437
2463 2826 854
557 183 319
2430 2909 943
1614 1965 134
1187 994 990
2141 2313 904
438 1176 767
1753 947 204
351 752 778
2833 2169 519
2124 773 75
1028 484 501
2215 2217 239
2995 241 465
2857 2416 860
1886 2944 394
1872 2032 399
849 2777 104
2345 1676 111
490 360 313
126 2385 609
969 1602 780
2558 2681 952
2070 3032 277
1683 84 334
7 2226 439
2982 2413 483
3025 455 529
190 244 665
2417 1432 566
2961 2423 619
705 1509 35
2854 822 361
2157 854 370
2395 2407 977
1689 2873 654
954 735 885
1537 1774 142
1321 1745 346
401 1885 457
415 1350 859
160 2131 786
1963 2361 749
2295 1120 188
317 1873 806
1549 342 382
438 2129 368
3051 2111 225
1774 387 883
1120 1329 794
1411 1895 359
48 1032 15
2636 2106 855
46 699 842
2960 3042 401
806 148 611
2078 1534 208
1486 817 687
1306 243 350
221 2790 584
231 1533 166
1982 1957 824
1596 2641 577
843 557 550
1555 155 413
1068 2829 374
432 37 446
1957 2396 150
1991 2094 361
1946 2803 142
1065 1549 967
3028 618 348
331 976 957
1698 1213 114
1362 1860 489
2567 2354 262
1567 2645 753
223 1441 112
2158 487 326
1134 3056 906
2464 1893 94
2804 1839 116
659 1883 728
782 861 261
1885 1195 168
2478 642 56
140 2003 961
439 1136 269
1539 306 865
77 12 865
1619 2806 706
2075 2490 305
2793 217 133
3049 2565 477
1584 2982 758
1537 1637 951
1089 485 431
1528 889 0
1402 2276 745
415 210 659
2020 700 782
3060 2547 366
1264 471 659
526 2773 81
1216 1465 884
546 3026 9
2748 2803 99
3039 406 848
1257 291 436
2934 302 716
12 1598 370
1491 782 671
1602 321 318
1178 367 352
85 1207 45
943 2851 533
3022 656 913
2070 1907 763
2094 2776 606
1333 2664 568
415 540 701
402 609 569
2509 1603 624
824 1149 527
1378 2547 483
574 279 866
1321 1666 478
207 8 580
397 1982 395
92 2612 714
436 750 263
691 599 281
303 1907 145
3036 2763 959
1980 954 576
1707 1178 348
602 46 139
1581 1454 821
870 2065 174
299 1224 334
311 294 171
2845 347 517
846 2914 558
1797 2069 918
1455 1219 341
222 653 588
198 964 315
320 277 355
1466 3029 525
1329 2409 879
946 2941 531
269 1913 279
2638 743 359
423 2891 683
2053 1957 519
2527 1901 192
237 1977 508
266 821 723
739 2544 181
2978 1683 136
2003 213 540
2019 2780 850
347 2962 836
780 2214 236
2754 2369 677
541 1623 984
1735 2883 763
1559 1462 498
1653 1627 96
975 2157 265
203 2154 799
1689 4 732
166 1482 147
800 1410 256
2799 350 47
242 2946 250
1732 408 800
2380 805 90
3042 720 629
236 241 669
316 2150 585
2251 577 431
2644 2637 852
2729 2719 206
2411 1983 613
2713 486 291
886 2536 497
445 196 670
1062 1686 642
152 2236 123
281 1789 272
1124 1921 23
1774 1492 432
794 780 435
2410 2585 251
2262 1149 152
2491 2320 335
1923 2930 978
590 510 569
1727 2596 294
1900 2410 414
1556 2091 16
615 970 705
722 2693 174
1744 1147 664
1228 1791 432
2474 1599 330
2693 976 544
2652 364 187
367 1492 408
1955 2598 273
2528 2161 118
1138 559 632
2224 1495 120
335 469 118
2422 1237 442
2643 2769 858
115 847 318
157 2521 219
1662 2239 966
937 1270 595
820 2055 54
905 181 881
1795 590 686
1211 1383 322
653 2656 160
2269 3025 145
62 2198 368
309 2510 482
731 2809 644
142 2934 205
269 3041 628
1435 2186 624
2568 773 360
439 2046 721
1669 2441 71
339 165 157
875 1327 650
1085 2577 498
170 2427 330
2901 1002 91
724 2868 129
2055 18 305
327 2899 777
2935 1308 30
2221 1542 653
993 673 923
1760 2327 254
1633 1097 33
1347 672 718
1525 579 16
2509 410 556
1554 837 235
1323 1395 553
1005 2084 654
1385 119 463
277 1083 533
2247 628 415
177 5 522
1904 431 49
588 101 131
240 3016 384
449 313 499
2926 744 121
2912 229 60
1718 1301 124
566 2257 867
1115 2122 284
1994 948 382
2123 366 969
354 2784 427
589 1792 974
648 1727 98
1287 1507 592
1802 1249 97
590 849 387
2152 793 816
653 1707 642
836 2877 49
596 98 766
242 2642 399
275 2295 416
2042 1010 917
2902 2961 27
2046 1007 541
2247 860 752
1539 86 818
2947 2423 569
473 1275 7
1622 1764 986
2017 2049 905
2711 642 15
29 3011 940
2190 698 498
35 2769 775
1615 2357 968
1301 423 188
2347 2169 968
353 1039 738
2307 6 785
977 276 495
1720 792 906
1494 183 409
2138 1243 392
724 406 876
2452 636 83
167 1758 54
544 2089 23
2911 18 761
2588 2466 980
2742 53 50
316 2481 695
866 1305 737
2544 367 200
1321 2482 286
2246 1248 361
1031 864 373
1622 542 30
1925 1622 850
1854 1739 693
739 2132 938
1476 1357 111
874 2833 355
3039 972 454
3010 1235 836
2690 1708 183
2034 459 294
1050 1733 973
1302 3069 757
115 332 88
691 1412 355
2855 1015 922
260 561 293
1020 904 89
2134 1444 632
1469 2438 802
275 2588 327
6 1947 805
1754 2645 172
3050 917 867
2682 1523 901
295 1734 183
2929 1044 316
1797 512 339
268 2761 865
3046 292 235
2557 2128 366
457 2499 488
1739 1028 952
2084 2068 952
1072 1329 88
1156 3054 145
527 1266 211
1950 329 153
1607 2690 932
885 2121 97
2137 2688 100
2454 2170 754
873 434 170
316 403 588
960 2835 939
1434 1450 847
1960 2813 538
1907 2394 995
2303 1655 532
1893 539 505
1436 433 108
1890 384 210
2082 2044 966
491 476 449
2463 403 191
2263 1362 281
2516 2216 41
889 2036 398
2226 1895 338
284 76 856
1870 1935 660
1281 818 307
1267 2711 738
2058 1141 957
741 1607 857
1659 1434 953
2496 2547 817
2371 2652 40
824 1920 999
1647 1142 316
2420 1439 615
2949 181 533
1789 2488 75
664 767 864
708 20 137
1058 412 490
1903 1044 578
940 1455 123
957 69 690
1172 2924 79
863 2898 631
575 2093 814
101 1770 522
1077 2882 547
2268 1251 917
2765 987 197
1780 1250 234
20 2844 118
2952 2590 776
2782 2311 902
949 186 393
1771 401 634
2433 1430 22
332 181 398
1670 339 30
2870 1332 171
2289 1173 925
1961 2318 590
1009 2984 2
358 1426 654
1083 682 856
1733 1647 411
2030 1461 321
1082 1996 558
714 358 106
2132 1816 773
2110 123 389
1334 1243 698
127 2604 494
1972 1911 815
1133 2857 929
1845 2919 459
447 2094 938
2004 281 605
365 2397 805
290 1866 377
543 1148 79
57 1589 548
2770 656 394
1741 175 38
949 575 383
1826 989 386
950 2201 971
1504 2249 339
260 2315 523
1748 2249 38
2355 848 133
1272 571 496
1931 1882 127
2041 2762 762
1151 2907 318
728 779 255
243 798 563
810 2256 772
688 527 782
1985 1610 256
2268 630 863
1940 929 596
2069 1140 556
742 844 288
2379 2697 483
1215 1823 423
1333 1907 448
1539 2184 251
3002 1655 842
370 2620 306
879 1812 169
2325 2068 209
1220 2164 890
2490 1925 402
2871 745 98
45 3014 573
116 760 985
2578 1104 847
497 1423 605
357 2803 17
1329 1050 542
1445 1163 48
372 1371 844
1277 1989 174
1872 1283 755
1464 2346 442
2854 26 897
2439 580 208
1853 1925 475
2091 1845 922
1207 3064 113
581 1771 823
79 2003 253
2854 1397 89
1155 1931 402
1436 2796 112
560 84 541
2009 1729 495
912 2801 702
2474 10 802
2798 2458 330
612 753 688
1833 1053 514
1274 2586 70
2986 1143 920
222 2150 915
2078 1079 71
352 2079 518
2530 1077 827
2937 60 24
1442 41 812
744 776 983
1893 750 421
3019 790 841
1480 575 895
240 1039 354
730 1530 310
2352 140 25
2465 751 183
2909 1208 964
2805 1165 86
1108 1851 817
2814 2751 247
2547 619 62
2624 619 593
2005 881 410
2501 1868 425
3014 2998 183
394 187 967
1037 635 139
1787 2414 701
1237 2347 414
1782 2817 510
2038 1174 139
1878 1666 756
1982 3035 508
2987 2607 830
303 886 898
900 1736 837
1427 2933 463
1564 3043 584
1315 894 274
2053 2803 835
1491 1542 346
763 1971 819
2386 2438 379
1704 712 1
126 2901 800
2759 172 27
175 2890 892
942 743 980
72 1507 456
2551 1250 503
1072 1148 589
2177 1965 164
758 901 978
1481 297 254
2158 2672 872
2584 2882 126
1486 2983 992
2996 746 695
2665 1128 407
1265 1207 945
48 2342 297
367 2585 819
373 644 176
2225 2639 363
1611 1488 392
2980 2379 976
58 1361 589
1380 231 464
2546 1411 10
316 1516 372
1757 2034 641
2133 633 326
2964 1768 508
1360 1686 443
2117 1783 892
2707 451 527
1362 3028 299
2482 1413 534
1152 1473 126
2823 2317 316
1587 834 838
1054 2351 82
2637 1174 818
2621 2576 171
1915 759 95
8 1273 337
443 2384 465
1462 2298 758
2594 2746 32
779 1036 551
2551 164 391
238 2199 16
2664 2870 504
1523 78 540
1068 2586 611
504 1426 220
2958 2679 21
112 1909 850
2443 145 831
3003 2785 35
424 1031 252
352 62 500
1650 372 936
976 327 305
1942 2731 3
448 451 507
1201 1157 775
514 2043 941
2841 2502 945
2103 754 260
2800 1612 260
2922 111 260
2314 1104 44
2886 33 866
2869 804 68
813 819 393
1965 1915 113
1048 199 525
1674 2282 289
732 0 628
2349 2795 841
3050 846 45
964 2380 543
2159 2778 84
41 1177 743
2592 2317 774
871 1714 311
997 2133 105
115 2636 615
1260 1113 584
1709 467 572
1668 768 234
1505 1723 752
675 707 619
942 2527 91
432 2024 464
2884 74 363
422 357 325
2210 1356 287
2931 2108 294
2942 2920 388
242 349 265
2122 2376 530
1681 535 143
1720 1674 165
845 611 52
2421 1474 527
2126 2658 306
2489 462 755
2837 383 894
2983 1053 171
2502 1504 651
346 2103 833
2223 1500 843
1756 1658 652
1775 2892 369
1054 1161 865
401 1472 844
2162 425 489
1333 165 688
999 3018 946
1524 1445 638
814 948 552
955 2450 195
2507 1884 443
1825 2921 510
1117 1296 631
819 2281 104
1548 1218 558
1119 936 518
1059 2665 50
865 851 255
2606 245 97
127 1843 472
2778 272 987
57 274 385
811 363 110
2573 1698 93
409 12 871
2203 234 777
2507 173 26
27 1549 865
3036 1987 732
2223 1573 865
2839 2202 363
1459 736 14
1098 2636 448
1514 3001 124
756 68 484
481 2516 139
2714 2650 4
1701 2702 892
724 877 755
1635 2818 496
2200 1743 583
1885 1251 456
1679 422 962
1783 538 80
76 2274 768
1939 214 412
1369 2830 538
2887 1209 186
322 758 203
1097 2058 348
1237 1195 531
1403 1249 85
748 1538 939
2590 619 726
78 1647 794
2915 2442 231
556 927 512
272 534 619
526 2258 50
2119 2909 681
1015 2745 863
2005 2653 18
207 1038 100
2389 1929 906
1820 2268 816
221 2030 785
854 772 370
1711 2742 54
2858 546 197
751 2076 833
39 946 605
790 542 658
632 2496 262
2917 1341 358
1883 853 839
63 196 477
326 306 913
13 1595 615
150 2090 34
2489 708 741
1033 17 717
2726 815 208
2846 1733 952
1152 1233 940
2765 2680 487
3068 1328 226
2573 2323 677
2346 1478 31
1979 21 902
170 818 772
2734 2298 335
691 2139 627
1731 474 9
371 530 472
749 2193 935
3055 1793 547
1116 2120 744
323 438 60
497 1542 224
1428 2000 833
1390 93 663
720 2394 315
2253 1300 228
2793 677 119
2649 1315 159
975 1262 616
347 1061 430
791 2897 994
1815 988 518
3037 419 239
1329 1811 3
274 1524 123
645 2261 910
1269 1934 288
1717 2430 810
44 1905 802
2760 2766 795
911 619 393
2644 1746 579
2879 2050 225
1235 2828 333
1124 1931 703
472 481 677
2173 499 10
2316 1028 509
2500 1745 121
2015 1567 488
3038 628 797
2839 171 356
1689 1246 312
2416 1158 633
1581 1680 681
691 2663 687
259 85 951
944 527 196
1719 1602 669
1993 2964 671
1688 1089 851
954 1490 405
2458 943 506
1932 188 868
2111 2460 343
2709 1220 447
1198 118 560
194 606 217
2993 497 224
839 2324 942
282 811 595
1321 354 458
147 1321 952
2319 2857 857
1918 2795 777
2557 1055 737
1851 107 73
1976 2626 655
2240 785 866
1439 2576 744
1798 2085 271
16 2739 99
381 1295 92
1112 2082 801
1626 817 346
1664 3008 699
535 608 841
1604 1947 801
582 281 599
1470 800 954
2397 2210 262
2130 2479 770
956 387 187
2981 24 318
2020 456 818
2672 2477 423
2159 2736 884
1582 58 876
2536 629 416
1227 969 762
342 1318 115
640 961 752
2534 1133 522
573 1677 497
1220 630 681
2090 1939 210
2498 1836 987
2504 1258 334
1578 1313 517
1657 1755 898
1176 1185 336
2375 733 806
371 2972 304
2540 2633 580
810 1022 52
813 2759 977
2051 2171 782
972 1776 200
2284 174 413
365 2389 744
2388 1458 377
1505 2754 713
1975 1904 455
1921 2577 228
1333 254 619
1096 1203 230
17 906 653
2447 1676 298
425 875 632
872 1648 437
2077 1566 638
2734 560 244
609 1528 62
2059 1474 676
812 2465 419
78 1198 259
990 350 194
2961 1933 74
2024 882 331
1214 1289 633
45 758 272
1607 615 698
801 1424 687
2768 837 42
840 1216 823
479 734 400
2366 1644 200
2208 696 545
1295 1672 535
513 2897 77
2122 2276 82
2938 755 568
1769 2603 224
2311 2418 245
2208 601 493
1762 1365 449
2818 2304 696
1741 862 393
1597 2272 271
181 1332 594
1833 91 569
1967 1634 39
2217 924 240
1141 177 325
1357 820 908
1428 340 693
2953 2869 811
2986 31 485
924 1772 486
1328 146 773
1484 105 284
1389 536 812
1601 1335 918
336 1441 747
1400 2760 716
1799 1573 408
1217 286 704
2645 2157 755
536 389 214
958 2063 942
250 1316 778
3018 33 102
972 1136 44
2488 1487 846
1472 146 800
538 427 523
1269 1800 466
2560 2582 606
796 2517 150
2659 2519 458
132 1973 957
1455 2434 322
554 2058 665
1647 269 741
2791 284 25
1581 2151 160
2710 2468 243
1737 2737 232
919 2963 493
669 2877 746
956 2605 129
243 1566 608
2377 2236 588
95 2995 684
2914 1329 147
957 1863 817
2743 1846 626
183 1112 117
26 1090 287
1978 242 703
1554 2166 504
403 1258 730
1345 2588 818
468 666 214
2318 701 29
2930 2374 134
662 241 293
1544 2025 326
1938 298 411
2665 1266 141
2433 455 176
52 2008 943
771 1015 130
1096 2386 423
490 1798 310
1300 1388 947
2100 1737 404
482 1134 249
185 22 716
1363 1046 65
500 2857 301
2417 612 287
504 1069 832
198 430 406
572 2328 789
1056 1911 870
1162 560 634
3004 2067 375
2044 3014 341
2220 2235 261
1423 951 689
122 1130 82
1929 1131 979
298 1380 851
2399 1339 405
715 1530 755
1965 2358 883
2548 1715 483
2088 2389 852
3003 681 162
1362 2666 364
2983 2181 987
2093 292 387
1900 2847 954
981 913 923
1612 127 84
1955 985 955
1802 1148 53
3052 720 758
2975 482 140
50 1877 454
225 1471 484
1851 98 928
628 1007 479
1549 2040 933
2197 2749 123
1665 40 173
318 2303 956
1207 2430 432
377 1730 274
97 869 706
1458 2090 379
2908 1803 33
2305 209 367
1752 143 380
913 921 443
2769 78 540
858 2939 63
1347 2889 346
139 371 857
2864 457 575
33 2663 395
1298 629 241
839 1385 93
2842 2615 467
1336 1894 136
1814 623 619
2951 2278 502
2706 1807 220
1469 2360 952
874 1373 587
369 3039 277
2939 558 299
796 1511 637
2568 937 681
2546 1083 367
439 666 494
588 711 36
2547 665 782
579 487 115
2277 2665 616
799 1040 486
260 1789 764
1174 2432 243
2493 3016 858
3003 1569 74
2652 527 253
3026 934 792
2322 1823 486
1581 1627 47
2414 2657 629
130 2786 893
2667 1115 484
2597 2461 742
942 2807 901
2261 2619 197
71 1356 19
1220 1642 637
738 637 78
454 611 184
1012 2870 222
1177 2204 455
1547 2203 447
2916 2945 464
1811 2412 336
947 1228 623
1783 2924 605
1589 2467 378
2227 1822 685
1496 1353 92
2671 2838 661
1980 2507 168
2063 572 287
219 1721 670
1281 2427 112
34 410 643
750 379 914
276 600 872
2673 2070 395
2810 2981 788
414 2940 917
3057 3028 158
457 2537 496
2341 1627 379
2709 2325 102
690 1226 30
2049 2971 518
1500 1944 736
2989 2224 784
1851 999 108
1877 935 673
212 1746 455
1795 216 483
2314 421 294
298 2230 198
2948 3045 529
1395 3035 600
1103 2217 327
165 2070 527
2955 132 405
186 657 296
1315 958 207
977 1612 358
1077 583 397
1841 2115 249
217 2937 216
370 972 201
293 2900 28
810 431 604
2936 1394 411
2418 3025 578
21 1972 349
1010 2353 214
850 2851 762
495 847 544
1984 1339 262
2666 2564 553
1206 2663 215
2792 1549 590
1513 1051 51
842 174 678
969 1433 859
651 2009 687
2686 2574 855
2300 1666 1
2684 334 617
1061 987 108
477 550 492
1817 1607 473
2207 2489 193
2988 19 708
1087 2874 700
2443 3071 890
26 1443 609
3060 1766 181
58 759 0
2376 2507 137
2883 1292 686
372 1242 956
616 1929 980
1199 3058 581
851 1386 226
956 107 910
2094 2542 517
393 2568 316
1275 2436 261
2943 1534 744
1952 1758 83
678 2868 33
284 754 718
1855 1530 507
648 96 256
794 1938 440
1948 2876 204
1185 1790 397
1678 2547 331
2331 192 779
1627 2708 653
2133 1590 141
122 2399 45
2689 1917 908
589 1594 920
682 1998 710
157 1569 322
1249 2164 264
2217 115 647
1717 1425 14
598 376 211
2895 1566 4
1608 2094 277
1572 1427 339
1209 279 903
2999 2510 287
2833 1596 102
939 785 962
1618 1646 874
2528 463 60
2969 2611 436
2578 2914 557
2576 159 581
2565 2736 202
2768 230 310
2529 2318 751
2885 2819 13
279 425 699
477 2699 507
945 772 670
2770 2655 271
1180 1566 757
1043 1650 757
1305 2546 453
2920 1710 721
2085 72 296
2309 2662 794
2618 1461 988
1778 916 627
1656 763 20
2749 1963 828
495 2296 461
1815 356 900
67 2699 886
2578 1947 385
669 1249 533
2787 215 112
2687 720 759
799 2533 469
2458 1774 940
2957 1875 55
626 2641 914
983 619 963
2885 2791 938
1628 475 249
322 134 433
1726 2240 435
2475 2804 120
1452 160 237
2368 318 698
1978 2884 534
985 982 671
789 1324 552
2746 807 435
273 3045 206
1995 827 200
179 2351 890
2692 1908 855
1652 122 705
1272 2611 759
905 2032 28
1036 2209 36
1088 198 268
383 1480 974
263 1113 781
2334 603 347
1229 2062 125
3066 1970 115
434 1448 452
1348 132 914
487 2144 202
998 2351 375
2795 182 967
1723 1882 66
2146 362 718
2741 1529 155
1489 3054 370
795 1728 384
2001 2299 617
1912 1369 712
2376 3028 131
398 1693 795
1119 802 375
1844 2913 250
292 566 202
179 2664 961
191 2024 498
3016 2111 17
103 508 341
1559 1486 662
2629 178 754
2944 1972 942
1198 1424 73
344 114 98
2335 832 300
2881 2732 13
2226 1522 916
1247 1756 710
2726 69 375
346 240 267
2035 100 839
1600 1653 91
3030 938 849
1771 2303 638
376 2228 80
1080 1719 447
1509 2155 448
508 1028 93
953 2611 341
74 2411 549
2807 532 301
550 3048 452
1958 2361 517
511 18 967
247 1504 748
1502 2447 910
1225 1883 192
450 2157 436
138 2423 759
619 295 222
1167 2098 926
1372 2592 864
2597 2379 9
1134 676 146
2733 2257 277
2073 1914 140
839 150 911
1809 2129 949
2214 1995 827
2176 857 803
1481 1274 169
2006 1417 401
625 2023 851
1456 1585 846
1880 1982 334
2308 1931 207
575 1898 629
2660 2099 166
1805 2729 286
1208 628 419
2402 519 661
1933 1682 363
2843 2694 298
1679 1102 976
82 1901 997
2191 1514 989
2223 1339 623
500 2125 756
3026 2165 142
802 962 678
2014 1423 112
2834 1057 921
1337 2286 714
207 1337 874
2496 2686 193
2143 367 489
979 15 684
2060 197 477
674 1091 697
714 355 300
1389 1409 384
1789 286 448
609 235 695
651 104 736
1016 270 791
464 1858 999
1242 1688 910
2702 3071 980
1613 755 842
700 2458 578
1157 2402 628
2180 2229 594
1560 2757 799
414 1603 878
2345 717 92
2959 1590 936
216 2827 553
2361 2672 71
179 1264 356
2960 903 611
2571 1888 450
16 242 341
1064 2859 690
790 345 735
2159 1867 339
1771 1506 104
1729 650 424
2541 1153 62
2155 2981 532
747 1374 401
2334 3012 814
2633 1677 348
1428 2222 822
338 888 47
1690 2258 871
1686 632 196
2388 1717 781
732 1845 411
1734 53 996
1509 2950 594
174 2922 618
1211 697 304
2298 976 446
1277 1075 741
2853 2507 599
1338 2696 762
2061 2406 160
2563 1869 248
196 1711 380
505 2544 114
2093 697 25
1232 1321 924
2366 2042 493
457 2699 116
2258 2887 263
2518 762 708
2622 101 510
2092 2281 325
1237 426 576
438 2630 270
1729 2544 878
1139 1106 541
677 660 571
2921 2683 42
423 1264 824
2684 1969 36
2721 2924 452
785 679 842
2386 440 449
1807 406 588
393 656 381
868 332 13
1646 749 859
2525 2395 292
1303 1840 431
957 1114 305
983 1651 336
2845 1902 564
1203 1740 609
1223 1854 587
417 2805 505
716 694 730
1100 1619 736
462 287 693
313 2076 694
1927 1303 119
2890 224 381
2220 1329 308
1201 1880 232
1806 280 870
1447 538 406
2645 810 588
2850 2892 104
1632 2733 219
293 559 187
2568 1498 98
2098 2018 340
887 1304 789
162 2421 729
282 2528 141
189 242 544
2727 3056 264
1936 422 195
2408 2686 945
2713 1432 320
415 332 641
905 702 165
2145 2710 976
378 537 894
1539 1793 246
519 380 723
1207 1974 831
1788 633 950
2477 271 274
2106 2426 318
2216 2389 337
1991 933 814
1671 2851 202
1786 1265 256
1781 2602 507
3030 2368 11
1039 1854 863
1251 21 301
1126 2457 261
2009 1557 22
110 2939 657
136 530 138
1023 2902 616
2496 288 213
1853 246 908
1224 425 115
1996 1806 962
2657 2368 774
2015 2512 393
2373 2930 196
1101 2632 482
1594 1413 469
2428 88 140
251 950 762
1158 2643 297
1880 26 310
1704 2381 934
1269 497 770
174 1120 94
609 1496 422
1688 838 951
2339 1002 575
1401 1464 701
2229 2159 764
1541 2362 537
1359 631 506
2572 2575 581
2487 2362 436
424 548 828
2103 2521 731
1669 1536 996
1330 1702 795
1113 967 505
1724 1976 909
1325 1946 144
1247 582 439
1741 2713 37
320 1220 846
2115 799 347
2827 382 398
1778 194 589
2326 2032 579
1646 2517 140
1118 1746 334
1265 2636 137
2074 1364 547
3015 2301 45
2751 1490 956
1992 93 335
106 679 475
1416 1769 126
2908 1965 37
2954 1447 868
2612 2911 215
606 1074 612
2510 599 585
2877 1514 145
2486 1645 417
334 783 822
1633 2144 312
1111 2712 848
844 928 674
2383 2761 485
1401 859 236
477 2719 761
940 2718 734
876 2387 478
1561 752 702
2336 844 414
1589 386 445
412 254 943
390 1671 580
1565 2130 808
877 285 157
40 82 899
529 921 647
2425 2290 587
2450 212 611
1984 1536 434
762 1693 147
1567 62 77
1360 27 457
1571 764 241
2936 147 447
1150 1663 278
153 2964 401
1905 2224 731
2782 825 948
1387 2493 637
409 2000 992
1559 2388 562
991 1488 177
1687 2917 343
977 1960 863
862 1121 685
1275 146 853
1717 1293 253
2371 1087 220
1689 2348 390
1019 2234 126
1844 603 577
2516 158 197
241 2455 976
2718 2872 549
2461 1548 340
2744 2804 957
983 746 994
2654 2040 868
657 1049 991
2062 2418 48
13 712 204
341 982 167
104 1788 316
660 1224 224
2905 2630 852
2626 1832 584
1905 537 769
893 583 627
719 287 845
1457 1776 879
459 2880 185
102 1947 172
1986 778 924
1599 2725 909
229 2391 991
2415 2603 430
1360 308 807
1539 165 513
671 541 375
879 1047 16
2191 2513 796
1808 1857 658
2053 274 882
2120 214 971
352 982 482
287 2156 461
940 1403 598
1889 2930 831
1494 202 879
595 1546 321
435 1418 897
1083 2154 548
586 706 574
1309 1242 590
1889 2211 904
1314 2347 781
1031 2163 60
1350 1032 292
94 1729 120
1036 2866 559
149 2409 158
1555 2905 702
920 767 481
2952 1226 255
940 94 482
2955 1531 702
444 2875 666
469 2406 291
448 430 368
1245 2032 436
1878 733 828
1051 2979 544
2347 2032 611
486 2080 968
2189 1726 823
3006 2788 568
1027 2215 481
470 257 423
1159 2092 851
982 658 247
1154 797 468
2298 1515 450
2654 2323 236
1220 247 660
1556 2904 228
925 772 841
2500 1854 534
2022 959 10
2312 814 371
2064 461 319
2370 195 633
2419 2067 153
1758 1915 27
1489 79 998
16 901 385
618 90 135
1329 892 934
976 238 730
1432 1500 940
1197 2453 473
330 2108 171
982 209 931
2197 2647 473
819 2654 479
585 1586 289
263 755 323
971 1194 330
1121 390 619
3064 2805 946
1934 1489 984
2666 1451 510
130 2641 90
2102 1296 503
864 439 187
1547 1151 709
1621 87 243
261 3063 27
33 433 942
1103 1754 552
1997 2304 101
2361 1571 838
2091 2324 157
536 1644 117
222 2212 151
2502 834 687
2230 944 746
621 1376 805
1658 326 216
2477 1167 509
2330 2714 180
2806 6 786
2979 2292 773
650 1352 180
824 2978 457
1049 1433 424
1698 1477 113
1988 1350 40
2816 1366 391
696 547 55
94 1398 47
1626 942 889
2835 440 667
2449 900 962
976 681 179
847 1998 362
145 395 848
1081 1946 168
1947 2500 471
699 1548 398
3061 1597 321
2492 1412 180
3009 1899 98
374 2815 376
1317 122 650
220 7 899
376 674 131
2921 680 727
2191 1365 623
3052 2842 561
1827 2187 124
2171 1475 516
1909 28 79
2642 1669 944
612 3007 227
1564 831 272
2385 1727 251
1438 1965 919
1622 2387 650
2938 3030 742
1116 741 264
1106 2163 691
993 2417 79
582 2493 112
2866 2451 677
56 1347 365
1582 1433 966
553 2692 826
408 2945 382
2657 2097 288
1346 635 546
209 2305 937
614 4 797
712 1861 565
1199 891 363
154 366 95
136 154 674
1419 3040 589
2158 1482 251
3043 1435 958
1318 2845 777
3018 320 2
1488 1315 945
2807 1861 133
1260 2191 97
550 2086 738
2715 49 95
1693 2702 986
2669 1670 165
2785 1439 177
2106 2692 911
324 1678 693
937 316 402
2453 744 42
277 2611 136
2262 2574 102
2230 1086 297
2714 115 515
2567 1818 951
800 1629 403
387 1975 903
1025 2575 58
501 441 913
2787 1603 265
191 97 111
2607 2604 295
1412 941 6
899 1819 158
481 16 305
1568 2628 816
235 3030 296
1361 2565 272
2121 2274 627
2881 2654 843
2543 2061 778
127 833 893
397 1295 13
1776 436 667
1013 2696 308
1191 415 863
215 1361 714
2972 2685 571
2106 1237 731
769 27 722
1393 3064 562
2428 1741 600
38 1656 662
296 1933 684
2667 2709 164
2805 161 438
3015 298 643
655 2694 953
2396 2120 176
2708 2816 682
1633 2232 480
1677 319 570
1612 2737 155
1197 579 231
2858 1148 807
266 2995 64
1723 2936 171
663 382 487
2076 2179 665
974 3028 362
1476 1153 273
398 1791 944
1259 1091 804
2669 482 104
2914 184 38
812 1531 336
30 2303 839
2776 2272 18
218 892 807
1419 1873 847
66 449 418
1163 2344 129
65 2227 474
259 2927 632
2881 2812 428
2134 1831 944
1309 2931 937
1411 1881 828
473 965 925
1747 2091 712
1072 336 29
1431 2768 707
305 1717 91
2924 863 814
90 2127 507
254 2456 551
2191 100 624
526 2273 707
1700 366 348
237 1498 783
300 396 713
1397 1267 607
2913 1493 393
3053 432 125
2608 2753 689
29 2389 722
631 1190 50
1877 456 917
1729 977 236
459 699 951
2245 2916 159
1132 808 122
1086 1221 553
3006 98 158
165 2827 87
2855 537 903
658 2683 136
382 966 798
1945 2997 325
1154 1063 319
1195 230 617
71 2679 484
778 235 179
645 2892 738
786 236 845
2842 1041 747
564 1176 566
2014 2101 477
669 3042 311
2409 2642 545
806 2702 976
1310 420 964
2376 1711 323
2660 1357 236
238 2748 684
2458 1789 382
1834 643 671
1773 2501 942
218 1013 612
2535 2022 245
394 2363 319
28 1950 651
1249 357 502
2554 2830 705
2586 1884 787
1144 2677 309
1321 2203 685
1251 535 368
2116 2481 836
2491 599 112
682 1590 732
1068 2198 781
2728 2185 460
2376 1686 769
2296 1846 820
1243 63 738
2735 1688 76
2357 2239 997
2342 1256 142
1032 1062 963
2113 370 527
1015 433 504
974 1397 643
1317 297 441
923 423 556
2230 1744 4
54 1807 808
977 370 160
1860 134 441
567 351 226
2709 3009 320
2911 289 693
2087 378 340
615 2547 337
892 3035 889
2545 2575 95
2498 259 452
147 524 938
600 2303 568
1331 181 857
2179 2905 357
1065 1478 605
2332 979 200
2751 51 281
1084 1195 569
1586 2997 114
772 587 445
1556 885 497
1205 1271 986
856 215 783
124 154 191
2618 2425 791
1640 1422 636
1174 683 154
1576 1726 858
254 692 203
2386 559 512
2184 2407 91
2309 1197 521
461 2459 597
3052 3014 260
1879 78 409
1461 1831 642
1592 1093 897
65 2760 822
1865 552 982
1249 2849 916
2572 1334 984
290 820 409
2027 2003 824
703 1491 133
2324 2368 908
2429 49 439
2533 767 926
956 1896 816
117 2186 879
3027 2375 612
2401 1792 349
1083 1608 371
1452 2235 568
2000 1860 835
1311 452 773
387 2315 254
2351 1592 204
3069 1716 451
1056 747 100
448 260 103
2725 657 782
1432 1541 514
1012 2813 982
2344 880 58
204 515 779
141 1342 27
426 1215 654
582 834 558
1775 1567 388
1414 354 347
1884 1703 581
2908 404 266
521 2960 560
2086 1390 52
94 2679 13
2794 692 990
1921 258 469
859 755 629
2569 2287 65
1364 464 622
2955 2343 507
2521 1113 754
1840 2978 444
2473 328 320
1312 2524 30
1195 1722 269
38 1777 92
902 1431 359
418 624 943
1515 2400 999
369 2590 706
33 229 503
535 1805 53
2458 227 384
2840 896 688
2154 1333 312
8 2871 493
659 3050 762
2700 2781 70
2644 814 624
1023 2426 787
418 900 420
2366 990 610
826 1936 8
2978 1577 107
1210 1322 563
454 2724 283
357 2364 600
2423 842 993
75 2141 244
435 2176 810
690 2536 943
2109 918 690
186 478 909
508 2759 612
2649 871 410
2027 1700 877
498 2711 466
1033 2508 175
2001 921 301
2640 1069 250
800 13 492
359 2543 432
216 1277 678
1360 115 229
1156 135 804
1038 1243 366
1175 471 494
2239 1987 567
2410 2247 765
345 1237 478
1514 2055 316
484 1826 657
2112 362 352
1418 2104 66
1734 2928 914
2708 13 838
2762 487 610
1535 773 120
700 1289 128
1521 1377 276
2169 2857 272
3070 159 708
1698 2188 758
1223 1890 983
2274 2002 235
2592 925 866
1881 1729 259
906 2271 658
82 21 736
613 1472 483
433 1646 500
1014 1915 314
2182 2871 374
731 2571 698
369 1510 489
75 2319 442
1921 2219 187
756 762 443
1404 2867 465
1579 2099 845
2686 720 633
1900 2771 712
790 2281 446
1819 2532 219
2829 1360 394
732 1057 800
1612 1425 938
2203 1608 851
2114 2334 811
231 71 958
378 950 736
2540 2709 865
1552 2068 509
518 1592 331
1518 151 887
1380 2584 493
1213 1584 872
1529 845 976
2995 1906 505
2936 1114 512
631 625 704
1748 2104 411
1649 882 345
1358 2661 700
267 2395 162
1708 2078 876
2424 573 970
1284 1325 519
445 780 41
1509 3017 915
227 2341 493
1417 786 499
315 1793 25
1058 2818 729
1506 752 786
1055 651 557
1460 1905 349
1488 1540 89
2073 2126 671
372 2021 216
2318 589 324
88 2325 762
556 1247 885
98 2097 158
317 1498 991
2791 2104 779
868 2791 751
82 836 10
183 756 918
1507 1285 843
116 919 198
2353 2784 909
2316 1768 233
756 1186 3
349 1536 240
1813 1272 267
410 1780 715
1972 3027 49
2680 1695 639
887 1818 889
2149 1894 129
1278 2868 915
1691 1416 509
1558 1262 278
1805 2135 585
1239 398 781
91 313 372
2925 3043 667
482 2571 102
1283 2639 496
2167 1028 587
1753 1521 48
795 2799 168
1070 1564 104
1886 1568 12
2642 385 356
44 2359 729
1981 905 689
3024 2645 602
2508 1138 137
828 538 963
2105 2545 319
2216 843 608
1074 61 674
1725 1204 462
608 105 512
961 1909 308
1031 2368 307
1311 2686 5
2768 1750 143
1023 423 154
417 2849 843
677 1909 728
2649 1830 502
2157 57 261
268 1105 496
1889 1997 781
230 164 24
652 223 648
1408 1720 424
834 2393 257
1295 2925 562
2484 1807 626
134 2936 359
2643 1665 860
582 1543 756
412 790 191
2742 978 178
1799 231 376
2980 793 649
1532 1984 203
2061 1325 759
1208 1439 898
344 1340 624
1370 2217 905
502 574 966
55 1298 818
2740 2809 461
234 2861 746
2271 2889 536
1157 2166 613
732 212 576
1943 1009 1
894 2958 579
1448 1781 435
531 909 561
2598 788 722
1448 1480 503
929 96 82
1452 112 510
2691 254 530
212 471 97
2945 2966 642
2194 2506 546
1052 1483 633
57 2438 33
2211 638 730
2684 2435 786
2929 347 612
2698 2671 714
2045 2470 728
1977 2002 934
2742 1538 687
2898 1794 622
919 383 288
924 2067 681
1431 3023 439
506 173 347
1062 2877 682
908 445 967
1571 2691 125
91 1311 526
2746 1880 774
2227 2937 402
2252 1049 766
777 2221 75
1179 2977 11
585 2644 735
403 1524 871
293 3038 942
2874 1803 163
2692 1821 426
74 2738 606
1510 523 889
587 2303 388
1063 978 52
2553 659 4
1453 1830 499
2552 2659 424
684 1851 982
1386 2189 973
1226 676 689
2872 559 101
791 1186 428
2249 503 985
2520 381 11
1094 948 967
2912 2466 696
619 728 469
441 2392 454
1845 2163 898
2693 1059 393
2744 212 698
822 1741 122
2217 927 396
1842 2672 447
2348 699 847
1086 1227 567
2217 2359 495
2838 1895 525
1664 1718 849
1729 2849 953
920 2762 101
2251 215 538
1518 1303 16
1841 2592 213
2379 2001 4
2666 1520 541
921 1476 606
1694 2405 63
1084 939 210
2737 2012 612
1555 583 216
2675 957 634
740 2880 67
730 627 32
257 2685 718
985 2602 75
2351 1084 957
769 1812 296
2786 1505 966
175 11 714
2065 1007 941
2873 2966 79
1014 2940 764
1067 2656 870
1342 1991 331
821 869 996
1089 1652 750
282 51 620
255 2418 633
662 178 845
695 2358 132
951 1563 301
1063 2202 130
3037 3020 297
2938 1353 708
2354 1762 401
45 1094 598
1015 658 776
839 441 611
711 2895 539
1884 466 874
104 1553 863
504 1573 471
1664 1799 346
814 2963 189
542 2099 789
1579 2158 785
914 2197 945
1727 2323 493
731 1941 620
1032 772 584
89 2704 4
869 1773 401
838 1922 702
295 2518 168
2040 3044 568
2405 2124 24
2967 2566 181
921 3038 121
2456 2354 270
1736 2061 639
1253 1569 622
518 1871 19
2882 345 548
1620 887 264
2326 37 618
1788 1637 375
2660 798 496
2206 2203 334
2922 2595 625
336 1743 784
2021 2544 994
2373 2645 790
2988 1671 733
1957 1475 528
494 973 261
578 3046 528
1535 1740 263
1298 2726 7
2367 585 161
1891 1588 76
329 82 458
232 2655 798
2098 1205 8
990 1192 536
1607 2387 241
922 319 321
2391 357 875
1034 939 950
1333 1020 558
1726 2455 419
1972 18 473
1329 2757 219
2079 417 841
1592 222 555
672 871 164
1417 2139 602
3025 1040 626
2174 1413 171
1859 2975 191
586 268 224
2400 783 573
1022 866 553
1461 2132 848
2529 1199 561
2651 3050 536
1957 189 38
3000 859 926
2123 755 144
2457 300 579
1154 2563 156
796 2771 999
2949 1435 397
680 2166 364
655 524 404
1463 70 570
2599 1629 967
472 117 157
2712 1299 708
262 750 859
2585 608 249
1770 2294 691
1852 58 559
875 2849 88
1381 343 217
97 2844 421
2841 1983 463
1291 2256 615
1843 1604 373
1387 953 62
1549 2503 765
588 1842 674
2780 981 23
2163 450 807
927 1997 721
1521 902 521
798 1629 192
79 1765 462
133 2224 772
219 254 282
885 1399 833
1545 1086 413
1351 2399 994
1381 1983 584
402 2885 172
1364 2350 439
2057 1577 949
1123 269 453
1261 2889 202
1429 596 357
879 685 157
1471 2701 685
1662 1765 982
403 1693 680
1185 611 675
2744 2730 352
1681 2429 703
1989 2175 219
2678 1997 996
961 1057 451
703 558 852
2367 1355 64
1973 2118 114
1018 2721 437
1536 305 112
1345 2216 204
2687 1645 261
1110 659 297
230 730 669
2916 1572 505
2769 310 32
2130 512 277
1005 2607 286
1642 2797 295
2606 406 232
598 153 422
1527 1325 205
424 2470 311
610 2257 759
1458 216 869
2267 166 124
1818 604 613
2409 1386 703
2111 1100 747
1573 1465 392
12 1184 289
1143 2222 722
408 1274 588
1504 2804 791
617 438 881
26 2789 317
1532 487 19
1431 2836 11
2218 2291 509
2946 1054 916
2762 186 643
2404 862 607
613 45 887
1256 926 968
672 647 37
2343 2978 998
1911 1620 94
2325 1005 749
793 1456 810
991 2517 300
983 2599 575
2 389 480
554 748 615
798 848 61
1537 777 776
1189 2592 357
2337 1906 640
2206 2481 26
1540 505 290
2517 2725 462
1858 2615 546
2042 1365 739
1841 1192 665
587 439 503
518 604 466
1663 2936 734
1640 173 642
1489 2275 799
249 1195 524
1833 1522 862
2824 2269 425
2431 619 208
1847 2632 400
2225 663 680
2171 2750 205
2344 2491 975
1163 1646 639
1995 50 534
612 2593 745
2012 2160 687
2093 2391 958
1910 1829 111
2414 1239 281
1423 1544 310
2847 2630 781
1396 2985 615
1723 1156 774
3040 2099 779
43 679 472
226 934 304
1006 1175 223
2044 444 743
2948 92 63
233 1591 731
2525 1636 718
937 539 472
1022 1308 787
410 1733 688
2014 2385 667
871 930 629
3060 2300 312
1247 2501 657
1461 1331 312
1977 1610 875
1981 2584 2
405 1303 110
1567 1221 1
2954 1314 181
3027 851 637
704 1541 250
2054 2614 702
435 2139 153
1161 2115 61
2271 2781 259
1099 3048 992
2978 1531 599
367 1073 478
870 1589 511
1585 1858 709
2845 2852 469
589 580 649
1106 449 402
2163 2979 577
2348 9 982
3009 1221 813
990 731 637
1261 2942 378
1053 1141 312
2429 1414 830
1628 2711 393
231 396 831
2729 1791 964
1065 357 908
1575 1928 601
1036 36 894
2620 1237 647
1241 2293 659
956 796 174
3054 2223 471
2651 44 599
52 68 202
497 1176 45
2619 1344 721
1830 842 585
1834 3007 610
1093 952 452
904 2632 728
1286 1593 335
1880 1081 870
2398 238 906
1216 1647 769
2921 2321 639
1282 2068 65
1946 2366 308
1329 647 187
1200 232 398
1204 1919 760
2501 3003 996
828 2978 930
1330 352 3
639 1510 213
1521 2729 180
416 331 315
2914 213 871
2260 625 333
1131 2615 361
1897 1498 422
788 2346 82
1287 427 207
209 736 932
130 2792 668
485 2872 968
1898 2635 210
2889 1382 891
220 1002 78
2753 730 514
267 2839 594
981 2674 605
66 226 678
1671 2463 529
1300 1004 647
2506 2003 762
196 2872 53
975 2581 989
1991 995 194
1383 2393 705
2499 2736 530
980 438 643
2331 1686 612
1418 854 252
423 1149 411
629 1914 893
254 2697 613
1926 185 7
35 635 714
1886 258 819
2864 2733 294
793 719 798
810 2177 358
1612 100 262
193 2310 124
129 1184 500
121 476 179
1142 160 765
304 116 258
1718 3051 304
2504 1249 369
1296 2725 648
1320 2967 881
954 1478 659
2454 674 701
2801 265 298
224 1748 798
277 2269 381
664 1225 407
349 2124 411
1046 2941 120
2661 845 30
1990 2954 248
485 2511 707
2480 534 566
2074 2597 985
778 2490 887
370 863 82
248 1466 769
2119 2177 404
1166 1286 720
618 1375 419
1659 2725 891
923 1100 83
1193 2118 656
1522 415 593
1669 2515 284
120 1688 370
2670 504 161
1626 1216 57
1860 1997 676
2595 1444 537
217 1232 349
1182 1097 983
1150 140 578
1569 1650 498
2207 116 674
2833 1874 285
760 639 864
1450 2058 535
2201 77 353
2845 2002 237
2414 1711 265
319 2648 127
724 1666 532
1070 655 511
1329 2059 136
2143 2726 584
64 2310 459
1461 937 54
2153 966 574
863 959 695
2300 2777 786
593 459 252
3056 1252 728
351 2984 92
1859 1877 434
528 503 261
2767 1245 795
2144 2308 361
2813 1446 193
2523 1526 49
352 1888 781
2427 2572 449
1004 1636 344
504 1889 435
520 833 914
821 2864 590
1145 2372 904
2482 343 959
1432 1655 376
1015 2902 74
1826 2289 145
1564 1731 527
2376 836 935
2722 1972 160
139 770 399
1531 1873 533
2136 1152 144
838 1365 588
2086 525 619
202 1269 845
2892 760 512
506 2605 358
2441 2017 779
735 1056 650
714 1528 889
1488 994 189
83 2521 998
2227 137 384
2074 1264 743
488 544 918
1218 2387 783
839 156 193
1345 1083 434
2732 672 452
1756 2632 212
938 2441 392
1731 2819 853
291 2237 858
576 2558 499
2976 1523 251
252 2120 801
1639 1724 316
1168 993 985
2406 316 13
1826 265 454
2361 671 477
1158 1655 672
152 1394 593
483 1410 25
3003 172 642
1944 634 315
2620 2528 643
1949 1948 531
2886 1416 771
2129 520 792
2528 2107 616
1094 107 83
2137 1523 634
1846 1534 977
486 1647 933
738 1752 18
1210 552 205
89 2924 864
233 782 972
1699 360 998
417 1755 431
2950 1833 774
576 605 306
2474 284 694
23 1494 611
1296 1422 936
2984 2563 718
1888 2944 377
357 56 136
1343 1095 702
2566 343 860
1144 2504 764
2480 1107 729
2144 2126 16
1874 1101 534
2700 797 462
2731 2346 468
370 2554 799
1944 2821 980
1369 2046 98
1132 1421 820
368 1340 291
2849 2040 594
1953 2250 777
2664 217 624
1352 1009 743
951 1735 695
2468 1378 232
642 1880 26
1119 91 711
1805 1449 606
1859 3059 429
1094 1081 140
454 2482 907
1094 890 629
3001 1242 722
1596 2869 69
1541 2272 690
661 2147 803
2304 425 260
2911 967 139
1931 850 132
2826 1842 246
2245 2383 131
1717 13 889
3000 1521 861
2932 2367 561
2320 2908 830
768 1352 936
2703 1592 178
106 768 4
2683 2155 673
154 2038 994
771 2919 963
2157 1842 485
1557 416 726
2920 1424 66
1508 1502 284
2608 1708 204
1243 1369 182
1773 2539 248
2414 2701 265
0 2761 92
731 746 427
2695 2615 769
887 144 981
583 1146 957
1005 904 468
3006 919 468
2108 1760 534
819 2543 807
1047 592 452
2240 1892 536
3023 1068 839
380 232 360
389 2409 95
241 2825 281
2087 2766 794
2123 1956 334
2603 589 298
1447 2436 369
1483 736 274
574 621 639
1792 813 382
252 128 292
292 119 946
2448 3014 453
2783 1915 144
1221 1810 933
2663 2032 740
1886 1338 511
2819 2441 520
935 31 517
1572 623 689
13 1738 146
808 855 941
592 1616 146
1142 2159 329
2768 1787 814
2882 2163 81
2762 952 356
1232 122 671
1614 386 717
1251 1793 407
3060 779 859
104 2049 363
2153 1685 974
1589 2531 877
2835 2179 101
1354 79 588
801 215 143
1177 2554 279
397 2138 484
4 2464 361
159 2024 585
1251 1170 563
190 1254 557
2545 1623 468
1110 399 333
2875 1253 626
490 606 643
557 84 723
2893 909 820
2201 1727 330
2139 1582 595
1820 2667 811
2432 1031 371
3045 71 85
2957 1025 401
1695 1017 811
2669 2712 997
1202 2278 973
1932 1619 760
2780 154 649
2739 2041 394
1438 1864 103
2406 1209 624
433 510 396
220 2645 965
1104 2183 313
1476 439 952
190 1505 190
2884 2101 667
277 1648 666
2972 1605 924
2068 545 869
2330 13 798
32 742 637
2314 1254 912
389 1266 933
1164 618 834
2661 1643 761
2117 1645 842
1681 2869 837
8 2241 430
2073 3014 671
1717 1622 871
2802 1775 508
2214 2781 332
2768 1734 9
42 197 820
2509 989 591
2985 1261 148
1339 45 148
2095 38 13
894 44 761
2349 2095 617
646 176 98
900 2153 236
519 847 838
2531 2117 119
1875 1315 199
947 481 631
2589 1265 509
1535 794 908
605 2491 862
2754 449 125
1751 2578 72
2875 2425 162
692 1652 919
271 571 162
1532 566 531
3069 1587 871
1432 1689 735
1857 2109 334
2800 1728 870
2461 499 427
1533 2410 28
2658 209 676
578 613 319
970 424 496
932 1504 468
2067 1048 958
3037 2757 480
2834 1430 304
985 2964 513
1247 1004 983
2514 2588 922
136 1793 543
469 710 291
2745 1048 490
2502 799 188
2184 1663 353
2233 1411 978
394 1597 814
1797 234 348
671 1250 86
2348 2022 151
3049 2891 75
1835 284 39
2190 2247 290
154 392 30
2551 2208 167
882 2574 463
630 709 680
1042 2554 402
74 714 873
166 2848 353
1558 2621 622
1220 631 613
1294 2012 472
1961 1339 769
824 195 140
2076 2720 402
308 887 948
1195 2398 788
2866 559 669
1415 1640 409
970 608 314
754 1879 985
400 843 856
968 790 590
369 3009 206
1866 2714 652
2008 1313 696
3070 369 79
501 519 641
785 2871 191
622 2792 590
61 1791 321
511 1374 755
490 2286 462
1183 146 272
975 1134 734
2798 467 482
2052 2661 351
2497 3069 787
782 796 268
1740 1806 473
782 642 148
1408 1725 171
1255 954 685
1636 947 253
3009 1500 805
2364 651 123
2038 1043 575
2937 606 905
530 595 382
2198 596 247
1345 500 471
1305 1600 129
1531 2759 529
786 488 495
667 300 71
24 1377 572
1774 1261 984
223 1606 86
671 699 186
1441 634 724
2013 1862 307
186 136 872
78 784 920
1519 2166 120
2544 2354 201
249 376 745
2125 370 722
289 2446 977
3020 809 550
1452 951 745
455 649 835
1075 8 449
901 273 169
2534 2702 166
1252 3070 25
1041 2706 64
296 179 887
2595 859 106
236 2885 567
1230 583 689
3055 592 553
2506 2978 875
1028 2436 769
762 70 802
1034 1369 142
1497 2485 784
2698 660 739
2330 1267 729
782 1860 574
680 1546 352
1047 1324 270
1849 1748 882
1286 2689 67
719 1824 351
1049 2598 360
676 2832 470
2075 916 68
1321 2581 666
2067 1249 943
1979 1423 118
1256 1605 993
2051 2511 617
1403 1742 618
2027 689 389
358 2298 309
854 2764 715
1335 2063 12
2496 1205 436
1145 1070 364
1079 2449 972
1723 2882 719
2335 1712 768
2078 2050 506
1881 436 347
1227 2660 568
1433 815 311
2106 1529 125
178 2958 856
1489 2777 781
1251 115 432
1032 1226 224
1601 1673 187
1506 656 560
874 2127 600
2086 1110 107
3063 522 263
91 76 766
2316 2472 601
1861 3009 211
2747 2819 101
2843 2310 760
1001 2448 942
1907 1957 947
2192 2080 693
2404 119 645
2912 1543 570
2575 1641 204
986 2707 238
2138 1722 435
2334 88 527
80 184 88
1991 391 118
1824 2326 129
2648 1301 675
2682 1045 942
977 550 949
2194 993 435
2849 3000 133
1959 2452 793
1127 2639 459
2220 904 536
2527 2014 533
54 2732 507
692 991 465
893 2740 267
1248 1576 730
2267 1584 352
1408 2722 869
976 1936 612
1042 696 214
74 2916 442
1339 2783 567
2913 558 67
2263 2894 173
393 2357 296
289 2694 65
1727 1551 457
510 2822 531
2265 2953 139
2943 1792 659
2763 1225 514
2518 2487 51
661 2844 945
1507 1493 796
2971 2149 953
2724 2272 716
191 3004 804
2411 598 510
884 959 603
343 365 260
103 966 715
2092 1366 285
826 1146 471
2061 2037 109
2027 270 929
200 1636 195
1164 70 739
2124 1215 387
166 1717 510
253 820 92
288 1185 566
2768 2567 554
1101 1588 158
285 226 963
306 1968 117
2894 1862 480
2029 385 391
1442 2248 379
656 2353 129
348 803 846
2700 2129 869
230 2822 51
589 2453 501
2165 513 888
1377 1668 156
760 151 921
776 307 544
2338 1836 676
3002 2471 458
2450 1810 775
480 1439 149
315 1704 391
2162 922 830
2608 13 756
2046 1824 778
1363 416 930
788 2138 641
1091 2578 553
2759 1097 188
1337 880 930
2712 2274 200
1418 2371 901
165 2471 694
1443 344 959
3007 308 331
1673 1433 491
2169 929 721
1262 2759 92
277 2940 69
1307 187 720
424 2149 4
2314 2119 365
651 604 536
1835 390 417
2759 6 792
1145 1810 127
1720 2122 164
2953 1825 513
1260 2220 887
126 2873 696
2995 1565 68
735 2499 601
1434 235 857
1627 2677 215
406 688 238
2762 1803 16
337 573 172
1467 2452 750
154 2470 253
269 1027 635
1208 1428 615
567 2698 27
1234 1876 932
2281 2745 135
623 1039 939
2556 2329 510
1422 3013 338
1169 386 481
2942 2517 70
1938 38 836
597 735 565
1217 2516 47
92 262 747
2239 1442 138
1926 1963 996
1142 1223 985
2213 1750 74
1171 794 429
149 2234 732
1729 2865 488
1891 1213 529
2694 1252 685
1510 2988 47
188 2916 135
511 3026 205
1220 2542 74
2128 467 61
2471 1678 990
1997 1086 609
1937 557 566
1081 3068 840
788 947 588
1082 1747 880
3024 423 425
2640 1878 944
2885 1618 797
411 709 625
2726 549 755
2036 2420 879
1951 666 26
2715 2424 991
2115 385 900
296 373 634
1344 1359 943
72 641 900
969 1680 208
568 2123 341
435 326 182
1730 433 705
1614 692 310
1780 1569 930
460 2178 129
649 2386 563
773 520 142
1423 1758 397
151 754 565
2155 638 132
1666 49 522
796 975 807
114 2256 50
527 1421 707
2850 3014 85
940 105 670
66 671 800
297 179 923
144 1636 664
1039 2100 526
1739 201 189
1859 692 789
109 1881 20
2862 972 230
2593 220 81
2092 1976 2
2576 755 72
266 1802 681
1347 2664 898
264 576 344
2932 1132 347
1373 1608 495
463 1407 524
2555 578 599
2359 2172 366
978 1226 391
983 1232 801
2171 2136 232
967 643 680
1002 1600 108
474 2408 639
2105 2843 921
2976 1625 125
1652 1392 474
728 526 264
180 1175 281
697 2236 824
689 2553 827
2181 2115 347
1379 2528 708
2309 1118 652
1291 827 850
934 1244 625
2693 2762 306
2589 1425 402
376 603 44
129 1605 266
1166 1982 394
1539 1688 420
1912 1386 406
1398 1627 686
1080 2992 981
1802 2707 161
1456 1454 102
436 2540 583
1324 53 953
1754 1294 800
810 2817 898
1550 2006 748
2388 2489 292
153 47 151
2098 1630 479
499 450 226
1734 2518 466
1579 898 333
2262 2435 800
2692 2180 564
599 1480 44
1698 2411 346
1794 1464 852
1480 2586 738
2242 1797 742
3001 1327 161
2623 950 10
2051 837 574
123 2034 85
131 936 403
2830 1707 99
2349 1744 849
541 1720 442
1834 1164 500
1006 2146 676
1158 99 229
2421 2109 190
2009 608 11
495 2184 391
2127 1291 44
2352 311 219
1731 1798 554
1784 1298 69
1948 850 46
816 867 60
1861 1768 614
2981 451 82
1101 1277 33
878 219 73
2608 2248 984
702 210 77
803 110 729
916 2957 618
298 1070 600
93 1713 75
1015 2976 760
2339 1743 983
314 117 843
679 753 40
2061 1730 495
2115 2328 809
2666 1659 603
556 73 721
1168 121 91
2357 978 895
2703 1771 212
998 1469 168
799 1470 715
601 2900 152
2348 1840 431
1748 740 301
652 856 246
229 2292 369
2686 2817 743
825 330 725
2477 2814 291
1579 320 267
922 2187 153
1405 253 770
2643 532 240
1933 1109 180
2488 1352 232
2727 1580 983
2656 2056 828
1799 1616 767
1691 354 414
124 1521 974
2301 1618 921
2657 2538 481
1042 1995 278
831 1080 272
1521 13 210
2809 808 450
158 2277 37
1806 193 865
1301 829 419
1073 1080 398
1854 1489 241
2782 327 229
3052 422 198
642 607 254
80 2655 297
1820 1740 179
1880 845 410
292 279 879
2454 2969 811
2537 1012 605
1903 1175 902
97 1342 845
2913 1268 589
2808 662 201
883 2564 292
1662 624 677
2258 1564 275
2317 1626 608
1000 2958 289
2381 126 573
323 2915 775
1820 1668 216
1224 1451 401
1625 1792 954
1229 2766 190
772 2264 615
1499 483 337
1975 1294 925
1516 3011 446
1008 1950 335
2858 2327 149
2926 788 81
2629 1883 845
2642 205 865
2970 344 392
1931 2251 228
144 1865 4
2947 76 447
925 1385 754
1228 332 129
2456 364 51
770 2908 810
1547 2009 700
494 839 223
2664 511 278
1872 2843 533
1304 3016 672
1437 857 961
392 610 636
109 2090 996
1383 316 372
256 644 563
2414 1676 103
2553 1398 77
2371 1831 189
2279 1728 204
1529 1816 639
754 2076 105
2550 256 841
2970 2998 461
1822 497 977
270 2669 783
2362 516 149
327 405 149
1710 1956 941
445 26 942
212 2065 246
2320 5 503
824 2889 781
2757 2418 884
1608 1061 708
1207 2880 634
2576 2837 313
2179 1999 656
175 1664 153
2287 2377 845
2682 2951 271
3010 2327 865
1710 92 64
72 2364 948
3048 821 534
2370 2151 105
2696 334 569
1726 2764 346
2406 314 603
207 2514 145
1626 2627 488
2022 980 764
2080 1094 85
516 2896 442
1646 1056 350
447 524 927
1795 1099 891
2211 2234 909
1969 3071 512
2585 1765 278
2438 200 125
667 1274 464
71 2827 892
173 1911 283
1940 1467 928
414 584 127
2118 1023 491
961 671 696
2186 2352 610
613 1944 194
2183 2120 657
2430 2862 258
1891 1897 508
1930 1304 905
2464 701 200
3033 1092 402
2556 945 159
2568 1501 152
1271 1535 51
1313 452 976
377 3017 127
346 2214 505
505 122 551
819 744 982
463 2037 372
310 448 501
1392 1023 3
832 1276 814
2660 1452 72
749 2065 614
2298 1797 593
1088 48 712
1497 1763 985
105 1849 125
1182 1411 718
2558 2191 418
1777 1021 727
714 220 786
1153 883 12
712 1300 469
145 2649 850
2726 771 93
2239 1773 263
1465 2788 778
2799 1408 962
996 424 41
2396 3046 333
1964 1694 935
3024 242 274
1852 2393 696
2145 909 271
2247 1494 65
1011 1172 486
1878 2300 687
1036 1353 484
2218 1705 142
2962 448 48
901 2233 15
2856 2905 246
2875 1906 478
2063 1777 114
2598 2046 997
2435 1296 820
1048 2211 711
179 1041 62
2210 1188 622
646 181 583
2720 1719 731
2201 2409 345
1797 312 539
999 2812 562
166 1612 215
2995 1837 349
1345 2140 589
1665 2603 313
443 2133 313
235 937 277
1036 2900 869
1869 724 282
1311 2165 263
1906 1556 955
858 2470 203
2674 1074 329
2124 880 72
2334 2040 261
2175 3041 33
639 1579 893
1062 3011 864
3061 2883 493
492 1926 99
1473 1770 553
1739 1627 684
1231 1781 0
1676 524 309
951 543 38
3068 2410 158
2335 2158 94
2755 2310 154
170 988 341
558 1885 583
1499 2908 40
1291 1384 484
2402 1302 345
2615 3058 968
2426 582 55
2099 2032 445
1276 3006 161
1952 2415 708
802 1472 192
1342 168 705
735 130 627
2955 2038 245
236 2100 70
1756 912 886
1749 43 844
1098 2300 841
2888 80 887
1168 1120 354
2366 1692 973
2948 1249 296
2947 2074 736
1895 2931 895
2407 1389 233
268 1185 515
1904 2709 988
1625 2505 812
2050 2091 282
73 2480 283
2091 535 270
2119 1579 427
1975 2102 370
2627 2539 204
2560 2353 608
407 378 363
1504 2622 805
601 1459 925
2930 1090 620
1911 10 690
2394 865 939
900 541 823
353 416 392
1717 560 978
2430 1004 828
2127 2380 479
588 2668 254
1089 483 205
1846 436 822
1886 744 416
700 506 833
327 903 837
2613 1049 665
2720 1711 993
201 1505 427
1267 3021 124
2120 928 922
795 1841 832
1214 173 562
458 1215 358
1232 819 20
858 673 200
225 1319 355
170 2016 86
2648 2302 786
637 975 669
598 1093 366
871 1912 859
2123 239 563
486 1338 363
2345 1980 945
2314 246 304
2759 2770 693
1924 75 557
370 2855 208
2479 1655 11
2710 527 618
1733 2724 855
923 2522 617
1026 1388 811
835 266 905
549 926 218
1478 2895 926
606 1120 889
2384 1566 444
853 986 17
83 53 451
1419 1503 865
1677 2109 967
1042 247 390
902 536 543
1819 2682 453
1677 1328 473
1420 1898 907
1101 1977 815
361 2032 183
1338 2927 947
2168 1140 519
552 1012 134
1845 879 945
1425 421 485
1978 2612 676
41 336 384
231 1281 682
1648 1483 377
1978 3044 666
1827 2094 157
358 2570 504
915 1510 136
74 2089 251
1768 409 770
1181 1270 517
1189 2151 514
2874 2956 219
179 2222 307
1427 1016 743
123 2597 170
2432 1294 698
173 1200 861
556 1269 600
612 2 173
2319 2783 25
1171 436 599
648 2184 702
1957 544 931
2363 311 630
2429 1515 296
511 1575 833
1801 2759 567
1998 1349 797
2754 409 579
3007 1899 423
2204 1757 146
1203 2637 84
2047 2970 854
266 2166 405
1920 2569 237
580 726 691
1087 1172 442
1816 885 69
993 1134 691
1082 1032 661
62 709 589
2701 2381 110
779 2055 429
2872 2333 406
462 2161 179
2720 2395 612
930 940 983
765 246 50
1634 1776 571
465 2652 894
3065 425 120
301 3030 926
689 1114 869
1613 627 558
132 1022 920
2754 819 926
2427 473 680
1000 2129 681
2160 1088 619
1564 2480 372
880 1169 41
2495 2936 867
1626 2323 651
2987 303 921
1591 2870 768
1392 417 485
2852 2889 507
2877 1292 43
2195 2611 476
1535 836 150
2284 1186 205
2032 1645 578
424 122 766
79 1342 491
30 552 69
1213 1212 431
1379 2805 947
834 404 717
1201 2095 607
2983 1087 899
0 2192 442
375 2398 406
375 1519 324
1416 1222 432
2733 233 693
1702 1480 208
1942 1735 4
1151 651 488
1876 925 741
1697 1595 602
27 2839 419
2815 800 511
383 1592 349
2034 417 935
1462 2753 902
1406 137 582
605 2753 456
20 1230 861
2184 1861 975
2241 114 486
490 232 182
2904 1026 479
1568 894 884
2761 387 110
1843 3029 865
606 403 656
909 2821 55
2149 215 251
2495 662 742
2869 2993 85
917 2857 239
347 1428 778
529 2348 583
25 1865 61
779 1936 565
316 1180 980
1874 1083 157
463 1555 184
1351 2166 785
2763 618 454
2068 1364 489
934 2480 161
2743 1161 27
1042 1280 426
2106 2537 187
1812 1524 257
923 2149 182
2314 5 359
1533 1749 484
1267 1098 26
1239 2490 983
2796 2292 905
16 654 149
608 2621 917
2281 1023 27
545 374 877
1771 3056 690
823 2330 593
1793 218 167
2250 1497 61
2860 1967 337
2101 1212 352
1592 534 602
2037 418 315
802 1632 868
691 1897 79
2785 840 630
2405 69 461
364 300 678
2051 1248 402
1027 2312 501
5 3069 677
1735 1819 466
1650 636 306
1776 3024 838
241 190 794
238 257 158
1505 1659 636
2807 1147 991
808 1359 695
1186 2576 686
520 1120 656
830 2148 981
986 2174 279
209 1794 269
1105 127 290
2227 1824 471
1363 2163 283
219 1513 157
2901 2207 545
553 3042 289
2698 558 297
2040 1181 504
510 1986 570
2183 115 589
2384 788 10
1982 1993 743
1090 2824 992
2339 3027 653
1312 683 79
3016 154 70
2944 2490 458
2102 1656 507
135 623 728
2169 1805 266
1153 620 409
369 1577 194
824 2501 890
2789 1756 219
2325 1858 708
181 894 622
695 2068 748
3033 1293 156
2895 860 314
1256 1790 774
2984 764 597
2042 32 745
2152 853 692
1770 990 843
444 1702 636
1809 2267 367
2356 749 317
1711 1627 49
2111 578 508
111 1467 758
1612 2510 719
110 3003 67
2377 663 939
1651 1793 290
1473 1396 635
0 493 379
391 1212 327
816 351 105
2176 559 820
76 194 63
2733 2797 493
2101 2374 119
2383 2379 417
2279 1743 177
2691 1409 575
2925 213 693
1899 2647 93
1985 2026 101
1169 1536 352
2862 2664 768
2757 1418 461
1281 1862 22
1137 602 454
2902 2499 773
3040 2378 758
2810 820 779
1719 1594 700
2455 1506 178
337 1231 56
2111 2175 498
2695 128 586
731 2406 735
2267 2542 875
474 1899 920
2492 1750 898
1995 2982 531
1580 2040 365
930 82 575
1464 1378 808
627 2136 26
320 2505 925
1202 1507 14
725 162 575
776 994 404
601 1253 183
1533 768 376
111 1886 780
1490 585 249
417 1988 292
263 1596 811
1939 1726 776
44 2749 616
1125 311 237
183 2295 425
592 644 870
689 1480 126
2551 1772 236
1616 1054 195
417 2907 502
634 2074 99
551 2324 79
2182 2187 730
1021 2390 701
1930 2042 880
1894 300 787
693 2302 904
644 2174 531
2643 2899 988
640 481 305
2613 1981 708
1742 395 775
1626 1120 982
1533 2580 223
2002 1494 243
1881 2235 937
2046 1789 756
2843 1286 254
1888 503 298
2198 200 733
862 148 978
2674 2454 260
883 239 593
2201 2043 825
1633 1193 374
2604 2734 901
2867 1484 170
1891 2406 922
3031 2059 632
1000 1733 778
2134 1945 704
2518 55 520
453 159 382
51 133 470
1840 1723 883
1341 2863 179
1223 3026 541
2475 661 754
2796 2032 735
2430 570 897
663 420 483
2489 2169 172
998 1772 877
997 33 567
2482 596 921
2289 1694 616
537 664 602
1173 1635 233
34 1204 821
1296 891 843
2491 240 581
2198 299 911
863 1809 973
2713 985 600
1008 128 893
1662 2402 597
1879 1222 704
2069 60 106
1443 1411 766
966 1772 350
1685 2663 854
2286 1378 245
1657 2209 661
178 2295 172
2438 654 447
2544 1520 721
1512 331 257
1251 1655 848
2783 332 81
2404 1845 155
1132 2494 402
2693 1207 266
1826 2101 250
2257 782 722
737 1689 567
2585 530 61
2376 1295 717
2649 2289 707
499 36 560
2279 711 601
642 2337 290
1972 15 666
955 2854 963
2058 499 261
800 797 5
1236 153 382
2412 874 554
2591 2208 433
1691 2482 880
1053 555 951
1843 470 81
1427 258 628
182 2233 205
583 1358 119
2085 1072 542
400 3017 584
1479 1793 259
2011 2592 795
1114 119 242
908 2458 495
1052 705 568
2639 535 804
1823 483 652
886 2721 104
1154 1698 527
2759 1772 942
849 385 990
134 2633 780
1000 1391 993
2161 155 685
3021 118 264
1193 2323 399
1064 1634 999
2180 1166 254
2571 1494 353
142 1676 452
2541 20 167
1501 2017 753
210 553 420
2647 1376 273
441 8 684
1599 2761 338
1295 642 359
231 916 666
1542 221 72
813 791 326
711 324 543
2509 2265 6
2197 2326 100
110 993 104
1075 1659 808
2003 260 100
2252 1168 904
2598 73 481
243 475 354
45 163 297
2369 2696 869
1172 2909 237
2914 2145 662
73 1457 552
2652 2638 271
2932 805 264
529 1931 566
1591 626 509
1057 146 144
763 196 436
2904 2109 306
2494 1122 151
275 849 39
113 959 998
270 2874 416
4 2383 440
1084 612 239
1143 609 268
1633 1348 724
2015 2190 316
2130 1710 619
222 327 381
1481 217 85
1220 594 27
2556 488 359
1064 2048 518
287 1939 472
1619 1825 708
827 2323 690
2214 213 348
1490 2339 31
646 1385 799
492 2945 288
1334 2479 635
1857 1523 514
125 2872 238
882 2184 491
1440 2078 537
1325 862 686
495 2576 528
2937 1485 608
2197 2686 288
77 917 356
2358 1761 330
2013 49 744
332 61 447
1804 1816 776
2559 24 548
945 2402 981
1729 2880 820
1112 2518 675
2710 2012 157
2917 2057 252
1684 1131 424
1689 2538 667
3026 97 627
1032 147 121
386 1352 911
1225 1531 174
426 1117 242
947 2215 493
907 2248 146
2986 1335 30
604 2464 279
1295 2859 251
424 301 283
282 1780 591
1597 3017 945
3061 2811 90
2864 2321 901
1931 3052 429
1579 1306 236
2363 2607 173
2255 391 605
919 1819 289
1683 2933 138
919 15 14
2858 2919 666
440 2112 890
1319 2920 232
933 2975 465
1819 1456 820
542 501 889
808 1898 801
2315 2249 212
396 1807 51
1185 2419 981
2643 1330 202
708 564 948
1274 2181 751
1758 494 918
1651 804 203
130 2471 186
657 1837 616
2661 1426 54
1420 2036 197
2869 2337 892
1255 2851 42
1304 2592 929
1191 591 781
2737 2689 840
2655 1417 351
408 816 518
1863 1724 293
2676 3028 130
1316 2988 256
482 1035 38
1903 394 610
1934 2633 606
1735 331 545
2559 2861 570
1110 1770 303
1441 1461 361
2430 1024 9
1247 349 362
433 805 765
1296 1740 442
2306 447 619
335 1649 192
2466 239 420
1085 2533 701
1292 1156 708
2313 2474 627
2891 3043 66
499 112 992
884 1298 217
2033 944 424
1009 272 813
2795 767 686
1006 2782 756
2408 2099 316
215 3000 279
115 2550 680
875 2835 675
449 294 413
2976 1057 815
2608 1753 963
2321 1207 237
1497 2465 759
1896 652 303
1292 2104 316
735 2035 82
1514 1129 283
1327 308 354
2592 2024 305
1278 1992 705
2314 77 207
884 2369 508
967 2610 742
2818 13 375
2671 1309 79
885 2175 4
1201 563 951
3000 758 329
2763 204 988
2275 595 38
2168 496 481
1137 2105 253
1482 872 9
51 189 649
2773 2490 849
1580 1589 856
1884 1511 447
2331 5 367
1710 1166 99
2085 112 763
1559 1938 470
2221 379 817
1364 2577 710
1279 40 105
1216 25 231
1308 1887 291
3027 2094 941
1176 2313 975
240 2107 990
1298 3049 249
106 596 552
112 1029 319
2268 2840 925
2227 1385 93
546 88 490
2238 1609 898
566 1565 36
568 406 427
2178 2795 380
1048 1619 16
56 403 412
51 1516 372
2409 960 575
964 2344 582
711 1997 706
867 1847 716
1789 838 136
679 2476 885
2236 244 528
571 1590 992
3015 2565 604
2257 19 986
2886 2425 158
1021 1889 855
745 2976 140
1451 2940 879
1140 286 991
374 979 212
2671 2415 51
711 933 12
728 169 664
349 2379 814
1483 1727 426
2379 2241 330
2125 1071 788
1621 2900 676
1637 1199 485
2 2925 468
1505 1 122
2179 2958 864
2134 945 991
1031 1738 964
1751 1597 407
1237 1804 991
1341 2210 632
534 2732 127
204 1788 319
3033 1765 954
818 2958 80
2681 1016 837
1793 2331 495
2622 1487 517
1503 2573 196
2452 277 136
704 2480 686
2290 1261 137
950 1851 406
789 1153 950
2784 1044 361
2784 434 608
326 864 505
2500 907 855
108 2191 957
1612 2791 445
1199 1316 2
1515 2856 717
2665 2988 958
3030 719 69
1852 2677 891
106 2279 892
1725 1059 598
1297 1138 86
1815 2816 466
1122 1543 279
1587 2405 698
197 511 283
2848 2640 848
387 2736 667
2467 2256 62
720 2642 401
1759 1935 852
1277 1862 939
1591 887 424
413 926 881
1185 2272 773
1800 1505 648
721 660 217
2887 2349 842
1959 2142 654
2840 1506 228
1168 149 231
1110 2634 779
2177 1211 189
169 935 387
122 201 936
2587 2120 274
386 896 605
1707 1639 502
60 941 505
1715 2469 476
1364 1765 530
1938 1569 988
21 480 372
2205 79 385
2483 340 899
5 2999 30
2009 935 375
2048 271 539
1087 136 690
1576 2336 550
1306 1829 424
1926 523 684
882 1604 840
912 3009 164
1130 804 519
1750 2670 121
2490 1211 204
971 741 550
3011 1153 36
1210 2347 463
1192 1155 818
1425 1099 515
16 2111 478
1749 1254 224
2638 574 521
148 230 772
973 1074 333
2310 764 50
688 462 46
488 2986 407
1234 77 607
1639 1954 404
1880 314 380
2326 2185 904
2869 2707 671
484 1329 502
789 2346 501
971 2437 445
1878 1951 91
2178 1162 868
1989 260 195
544 3047 117
2300 1497 828
2869 156 223
86 170 384
1421 1942 565
1445 318 495
612 1803 272
2261 2522 941
1144 1675 311
996 466 90
2309 3059 922
1702 1832 782
1116 617 233
1516 2732 915
1368 723 291
2777 1699 642
2208 562 39
305 934 961
329 2701 975
165 2570 985
2045 540 821
1334 2984 5
1134 658 754
501 1713 623
659 1930 284
2922 1433 771
1442 1828 647
2088 2813 469
2705 798 528
2612 490 267
582 1723 770
735 897 519
391 755 819
1302 2758 524
2330 2705 958
2807 2492 777
2130 753 920
1013 2273 926
1732 2113 652
1951 632 979
1963 1345 631
1919 2788 456
2533 659 105
2955 1481 124
2900 1256 824
2223 378 992
2267 1884 338
77 679 476
489 120 447
371 1539 528
1824 2184 687
2509 49 418
1863 2794 212
117 475 792
69 1602 369
3031 1671 756
2979 143 989
511 78 325
660 2099 562
986 330 862
1330 557 210
3071 2338 769
1864 2030 480
1209 443 178
633 1071 788
1843 1481 932
626 1653 469
706 2679 254
2873 3069 466
1894 809 791
1137 1757 462
1475 723 916
1536 370 168
2273 2578 65
2838 1045 687
1860 3041 450
86 2675 789
1254 1092 898
2139 1997 927
727 1286 443
1931 2725 577
862 2083 509
1223 2169 301
1684 2622 469
2082 1343 360
1947 256 147
1896 2173 414
1449 2550 442
484 774 263
576 1549 393
372 107 890
1814 140 156
652 1631 809
1605 2533 850
900 1648 275
638 878 599
1298 903 157
2847 2237 641
2679 214 977
1313 1493 659
1950 2790 359
1540 819 823
1512 2474 893
238 2342 290
2579 906 752
2133 3001 242
2644 390 671
3005 748 235
2878 951 164
1309 167 518
1235 2930 303
2211 2684 938
674 419 424
3006 227 589
1657 2028 429
358 2093 15
1257 584 173
1460 309 953
2386 2319 325
2584 59 828
1265 2138 396
377 51 426
2303 1496 307
1224 832 643
2937 352 423
1168 1741 331
2295 2700 894
2907 2646 252
878 743 545
1702 1919 782
1638 62 789
385 1237 452
1246 1497 147
987 2586 520
932 2421 411
1227 1452 265
129 2548 987
2087 2613 615
2907 2546 400
226 2663 796
487 2911 681
2528 2621 966
320 1944 845
2523 2501 110
1610 2144 400
2400 286 451
2676 2669 675
2735 3067 19
2553 2352 727
3019 149 936
2943 2501 586
463 1682 949
1638 2039 603
1783 540 845
1520 2182 785
2523 2529 208
1749 731 994
109 2168 22
2973 654 927
1147 559 83
1450 1595 525
2453 1003 720
379 2362 332
334 1648 278
2133 1282 866
1782 1786 903
2081 2312 805
775 2723 767
997 2334 452
1187 2530 779
3047 613 627
2208 1997 240
2094 2584 208
1466 675 400
1693 905 94
174 1949 867
1952 3014 638
2318 945 324
2290 1415 212
1243 1444 590
1454 804 242
237 2876 858
2411 1641 800
890 2103 210
2527 841 437
1029 1315 85
773 2688 368
1341 1771 949
2429 125 780
2408 386 233
2417 1731 664
266 1205 113
1504 2927 716
438 2524 171
2290 2645 412
2036 932 396
1375 1676 495
2914 1775 288
988 1329 758
2894 1093 79
218 2931 319
1046 2331 634
1971 2538 597
1761 1691 243
2031 2702 685
312 2422 398
999 2196 110
326 2751 661
447 1731 605
2454 1400 747
1073 1223 258
1110 2850 211
99 1871 874
2599 2886 133
2195 1226 980
967 1637 343
249 444 24
2031 165 479
2297 2004 509
2009 1755 944
2637 2545 187
269 645 102
2671 2422 917
2614 1443 297
1070 2671 818
728 2863 930
2054 29 272
735 2925 859
343 1699 392
2859 2325 855
2384 2236 763
843 1231 716
510 1375 785
1739 2109 881
1149 2447 595
2450 2124 937
1285 2411 44
742 1105 918
1561 2562 49
463 3049 671
2499 1601 82
3012 334 333
1131 2489 571
1933 1140 526
117 2782 314
2690 2255 308
115 2225 905
351 2138 391
2894 1211 16
1026 1533 142
647 652 786
2203 44 333
1569 1251 321
2791 2590 539
2196 1779 195
1832 2743 121
2735 295 500
1732 960 681
1013 2332 829
1404 2758 549
922 1909 912
605 648 424
1274 2163 344
2730 2173 467
1004 1358 621
2830 2467 484
512 2142 319
1184 92 550
333 1374 49
2896 720 635
1071 2337 186
1654 2517 711
2760 302 632
1634 16 637
989 3048 666
1770 1939 763
576 1276 928
2829 1523 18
646 2028 996
1264 1873 176
2684 948 984
904 1161 623
1133 2741 429
1135 2907 63
980 256 67
2179 1258 579
2011 390 62
271 2987 459
2431 1923 334
1352 2410 525
3066 1503 949
2357 1195 432
2435 2347 346
2820 1637 840
2389 804 657
2840 396 832
1345 1964 319
299 2474 702
503 1891 799
501 72 991
162 2833 991
1282 1679 280
806 316 397
2407 1345 823
2538 2164 548
2622 154 952
1731 226 403
218 2173 358
2079 1750 454
2770 1743 709
2632 582 129
1318 645 596
1566 18 28
3023 1443 741
357 603 569
1601 1763 850
2115 3060 301
2413 388 233
2624 2428 634
2836 1597 60
2747 879 10
1071 1034 770
2384 242 70
1399 1561 199
623 1523 419
1323 454 449
1758 410 177
65 1077 854
2711 1765 932
879 2734 867
1055 2476 830
2431 2955 479
2273 2352 660
135 2858 131
2553 1951 680
1741 231 660
2629 2817 937
547 967 337
1881 49 658
458 2350 516
623 2968 473
2783 2430 464
309 2443 91
2733 820 136
3024 1345 816
1059 167 429
1581 1417 354
2813 2880 146
585 2410 987
817 2183 931
1984 287 722
1638 1575 760
2685 2263 366
2885 380 443
2868 736 43
2991 523 183
1978 505 856
735 969 304
15 673 356
976 2743 186
1676 869 448
1573 1290 305
1589 2115 600
1320 2977 643
1510 1128 698
108 574 7
2469 919 589
1236 1412 849
246 2495 523
734 2164 221
2523 2914 411
36 2464 24
2956 1133 454
573 1564 959
2763 1415 743
47 1176 432
2862 2221 601
462 755 987
1407 588 980
399 1775 379
2756 783 865
2394 2193 388
598 1214 411
1582 294 442
739 423 390
2135 2459 941
1763 2614 319
839 2429 962
1216 872 211
44 1417 753
1383 1798 888
2417 2381 305
2491 1944 637
2969 1819 993
1011 2613 786
222 7 549
2445 1893 350
1341 1894 495
1317 1646 368
1961 468 788
2327 2972 815
2874 2940 408
1156 512 219
1109 2002 191
977 129 319
507 2757 286
1155 7 817
2651 3054 335
2517 450 555
30 992 818
2072 176 396
739 2667 738
1165 2190 978
374 2622 311
1535 2722 928
1947 2806 312
2055 460 741
1840 2628 875
919 2945 888
2476 2924 942
732 621 73
1821 546 641
1375 2452 231
1745 563 716
2752 2026 425
2072 2365 98
1814 2190 294
2699 1593 443
2993 2770 780
1414 2109 449
373 882 295
1400 2708 127
966 2435 352
3 1981 541
914 409 340
1226 957 611
2459 257 769
2340 917 193
1499 2262 68
987 114 282
863 493 841
1119 2253 694
1204 1729 628
485 2096 450
2179 916 500
1807 2088 2
2230 793 655
471 1363 444
2055 816 439
412 1874 706
2701 2378 970
587 2260 31
1387 308 286
960 1712 66
1141 791 286
2972 420 338
567 711 560
1517 460 869
858 602 370
2589 2482 937
559 2395 648
1490 2145 112
1426 2031 4
2668 1661 95
1054 2656 898
2053 529 328
1344 2487 772
1517 863 834
1350 281 248
2243 1704 379
2126 1472 718
2395 1888 917
1386 152 303
1499 1300 796
15 139 154
897 2235 384
2432 3021 673
1970 2797 432
631 110 425
2574 3065 651
766 448 177
2919 1699 37
1793 32 983
2702 2223 359
2504 2023 670
1055 1616 290
293 1628 792
1405 2526 142
1724 2203 805
356 2339 65
1659 165 641
2430 1006 89
2274 1965 502
174 1389 56
2679 2864 851
178 590 992
2875 798 306
1036 340 518
457 2023 710
1580 692 23
301 2548 719
2021 2075 434
857 2706 944
392 2036 316
2961 816 482
2528 530 872
229 2073 577
675 648 846
1121 2787 775
1770 1319 757
319 749 565
2925 1188 976
777 2920 150
606 17 289
559 2702 109
1507 1019 444
1872 181 580
2119 2588 603
1002 2093 170
1057 1819 675
235 2003 844
201 2462 455
2100 634 991
156 105 409
423 116 906
678 2814 509
1824 1664 682
2165 1218 333
1082 2731 564
2789 611 691
2922 1973 142
2545 1974 703
429 703 500
2966 520 657
1143 2327 377
1294 2922 523
1903 289 117
3001 803 989
3057 376 237
1079 1554 522
1 2181 248
1605 884 773
266 2275 973
800 2832 505
66 21 107
588 2424 33
1875 1311 934
2484 436 865
863 3016 670
2628 1330 347
2880 2904 88
1331 921 278
1889 1241 890
2153 923 486
579 1254 376
2402 160 276
90 1115 776
582 2734 898
1162 1326 499
3042 661 116
53 498 626
347 2074 802
2656 1709 760
1962 612 613
2338 2213 490
738 2189 636
2852 1307 227
664 2302 221
163 3031 756
1202 418 647
2033 692 314
1833 469 144
317 605 265
1357 1135 507
2002 667 942
2130 1272 856
2247 1457 266
1277 1717 706
1961 608 48
367 725 979
336 1868 23
2593 1197 892
1956 2217 117
1120 914 635
696 2586 930
1679 2420 320
2147 2805 592
955 15 342
1751 2575 820
26 1051 157
1457 1155 954
804 1666 375
586 3039 434
1595 853 896
1253 1114 889
3009 1207 645
2023 1747 164
1748 2501 655
221 107 658
2770 492 775
198 2751 964
24 1260 132
415 2009 380
1125 1614 2
2801 1047 111
399 1204 293
1430 2657 915
47 2586 530
1202 1065 458
1598 2468 336
1644 1757 438
1662 1626 372
640 878 954
2540 1961 12
913 2794 118
851 1347 373
2446 2 753
2951 901 105
79 434 563
2453 1073 764
249 2619 185
685 2271 577
2960 973 997
1128 1351 627
916 350 712
592 2799 752
822 1609 363
1188 685 723
2137 2676 912
2681 1484 95
2334 721 436
105 1391 573
2933 835 280
822 1628 573
1977 1778 632
728 504 846
2553 864 932
663 2783 30
2127 2177 145
2532 2096 699
2593 2410 589
986 545 293
218 289 932
2127 1344 834
587 602 781
431 2882 621
2947 2793 767
1465 232 706
126 1278 314
414 2092 318
452 2091 822
731 2178 889
2204 908 29
2700 2200 962
1315 2135 781
985 1438 899
2862 1371 431
2150 3013 574
1935 6 148
2750 2626 396
2771 1717 480
1757 2751 238
1377 539 875
2057 197 163
1613 208 429
344 1359 16
1785 2061 793
1900 1359 559
2352 996 669
496 2957 522
3067 2888 716
2717 760 846
1327 2398 703
2461 2567 472
1581 1466 407
2125 2690 121
2572 1083 490
2934 661 965
1527 2929 107
2366 2237 652
1573 2424 457
1310 1987 154
2687 2922 100
2425 638 353
2462 1709 642
579 2273 924
1895 2413 929
932 2116 477
1591 194 691
329 178 152
556 797 255
1146 1905 739
1458 2241 233
780 1208 257
292 1557 75
1117 808 453
233 1234 390
3018 2849 729
1564 2356 770
2318 1744 449
370 1870 405
2856 1369 285
1685 769 744
2437 1068 561
1016 499 356
1363 307 667
2979 818 201
2531 2845 643
288 829 958
1871 2748 471
2920 1359 487
396 1278 360
2845 989 995
1109 2214 186
570 636 873
1370 419 761
2521 1611 630
606 1366 235
2391 92 227
3061 3062 811
3016 1663 97
3013 2708 759
329 1817 32
582 1078 492
1362 3013 0
2066 469 140
1507 1161 737
1554 1493 54
229 1718 496
2521 1838 867
1503 1652 745
1195 2806 745
2461 2379 546
969 1246 739
26 1528 536
1993 2953 6
2713 787 409
713 1408 442
2166 534 712
2687 524 494
227 1933 197
1861 725 286
2643 2894 390
2130 2022 121
2563 2202 955
2959 2867 402
690 1645 369
108 874 179
1322 1810 51
361 1940 619
3055 2159 904
1783 2414 34
2302 1918 492
1191 2116 242
1313 2440 11
2701 1166 451
1039 1260 431
2298 560 371
2841 2373 161
2003 9 43
477 3046 558
208 721 499
2300 1496 473
2349 1086 754
651 1926 303
1888 2234 984
2693 2170 648
2196 715 714
2860 2732 786
3018 716 722
1507 241 318
2444 2123 93
1201 855 203
2915 2043 896
1843 1594 486
314 2483 613
2932 537 598
2326 2499 933
2979 1608 472
666 2897 926
2412 1964 134
