2000 0 1999
956 938 713
477 630 955
408 270 968
1592 1384 979
1106 607 205
1481 350 808
877 242 695
400 1874 341
71 1741 510
923 1181 609
480 1729 733
245 964 943
1698 171 561
1092 1231 272
1500 1923 235
276 1371 14
1162 671 291
421 880 610
1922 731 328
479 345 638
11 1887 697
113 1301 478
623 1815 433
1644 434 510
1276 1146 688
790 959 887
0 1053 150
863 1707 256
821 447 860
1151 482 119
1422 1350 510
732 789 524
1558 1905 508
354 318 489
110 49 788
1012 432 80
666 1724 371
1945 1613 930
647 1119 891
1634 211 167
833 1184 258
1639 1922 197
831 1919 868
1082 1937 771
1461 1072 537
594 1435 481
632 702 32
1734 1806 32
1708 1774 21
895 821 672
236 1301 105
758 759 302
868 1342 868
438 1893 485
1568 1814 834
1930 1512 339
596 269 172
1483 942 506
349 92 399
1750 1775 763
1671 1269 186
542 486 709
339 1239 959
1770 1575 157
1355 551 623
312 762 54
1070 297 541
692 552 124
255 572 413
1163 202 574
1075 1448 645
1436 1810 774
99 513 168
157 1623 982
1165 1768 627
1650 529 181
1424 22 857
8 224 210
1704 1580 551
1327 1394 711
1008 1594 412
1545 1092 722
1335 49 125
670 124 916
1424 1086 929
1659 601 420
1417 1871 201
1662 1122 636
778 124 688
295 723 464
543 1126 814
271 1165 962
887 1866 590
195 520 849
465 1097 127
749 1024 386
617 1080 869
1916 327 876
1239 497 567
1076 700 34
1374 1131 48
282 1008 855
524 200 634
666 362 432
567 1437 261
1799 1959 624
1653 1896 86
1754 208 40
1504 746 844
1395 42 360
776 1688 996
1547 499 112
1378 1392 852
926 618 427
192 1932 736
118 1842 258
268 11 493
1499 525 487
1173 478 351
1749 1900 909
1112 211 104
1686 25 53
129 1492 32
1269 641 561
1090 156 348
426 1125 392
118 919 435
753 348 357
1226 1905 554
1754 225 192
1988 677 309
129 1032 543
1954 21 456
1202 925 978
334 396 606
1879 1753 944
107 399 44
1857 527 799
1269 1660 337
766 122 425
1937 1288 567
733 1877 782
1685 1200 338
566 876 950
302 1243 497
76 1586 745
1875 592 205
759 1767 549
340 513 388
610 638 128
1489 222 963
1273 114 203
1788 1119 513
1556 29 165
1648 1539 207
1892 853 203
1091 501 623
767 985 68
989 1214 758
1650 1030 164
1020 1837 379
574 131 750
1824 881 253
1638 1385 143
119 198 425
1807 796 506
374 832 708
1281 1017 818
1657 1635 121
985 442 31
1479 686 664
1928 396 468
1390 140 358
36 1757 705
1625 1886 829
1100 1883 52
1424 103 536
908 1417 638
348 187 162
703 1479 760
1427 524 914
12 566 917
519 284 534
1238 1279 936
1120 667 110
1516 218 796
952 240 185
1609 567 309
1398 1731 284
1439 672 804
979 1242 53
1724 171 842
1817 89 562
1843 1002 642
56 1409 546
1888 1962 317
1547 1626 735
1453 217 411
975 1183 336
450 1238 42
1695 822 696
1480 1860 764
967 1948 479
1238 224 196
1395 338 348
1667 1407 364
1602 1710 754
1833 1322 192
229 641 12
1581 1258 160
198 1512 122
1481 748 777
517 1943 538
6 370 842
773 1748 79
1642 1744 218
1250 1604 395
794 701 214
469 966 920
1551 658 643
1465 576 879
1428 1878 730
1330 742 307
250 1447 595
287 496 846
1526 1025 176
1656 450 136
1018 647 158
951 140 589
1385 1840 962
1765 1478 511
1191 1710 756
343 1955 670
1005 1595 649
515 1361 786
484 1925 614
1853 1013 551
134 1477 188
972 1405 133
1208 534 22
679 1156 553
297 1410 417
1118 627 897
562 1956 321
1015 128 505
1210 910 746
775 1793 832
288 641 12
1868 212 180
1004 306 390
1939 1233 706
1443 562 376
998 1049 484
1356 1831 562
1656 495 533
234 1398 619
377 254 312
450 1236 723
1019 110 651
1344 1245 742
922 1162 64
109 1580 274
1476 1904 109
1916 155 884
1679 1175 982
354 520 484
1254 809 293
269 1428 238
152 451 489
921 108 132
257 503 129
599 1658 32
771 973 180
781 797 790
1312 1080 259
149 1338 719
165 17 419
1190 503 945
1959 0 629
468 494 426
876 954 638
412 1092 98
557 1533 593
1264 1204 657
1721 74 359
1058 256 552
1856 1185 142
663 1332 335
1651 48 142
260 1457 777
1855 915 975
831 1399 352
1710 894 548
55 91 224
1001 1339 749
1981 1515 255
1697 173 437
308 970 599
363 864 572
845 379 463
767 1175 895
1721 64 512
303 1224 819
1024 788 491
821 1031 903
1012 790 555
824 979 260
575 1243 197
1210 1896 444
1205 1223 460
35 1180 715
961 1619 152
141 128 732
1559 1919 732
1776 854 843
1331 1315 602
15 351 123
306 1051 337
1335 39 531
476 908 161
1656 113 890
1480 593 52
686 108 920
946 961 465
1551 374 125
722 376 503
1183 1840 428
614 312 920
699 1601 293
1023 266 664
399 818 403
1521 1029 446
1070 1612 845
1072 1678 637
1457 1115 494
897 702 532
185 190 760
1515 361 348
1810 16 216
1274 1570 264
1186 271 888
1251 556 718
38 1026 453
789 939 434
1002 1810 226
24 800 337
808 344 50
1095 1291 438
1187 644 741
1784 629 9
1352 1774 176
1094 1227 519
1606 1806 883
1865 83 322
1653 533 410
598 1815 229
1226 892 22
634 1967 259
690 1646 845
1907 1006 835
984 544 932
14 951 825
397 60 406
1876 494 575
1970 256 958
572 240 454
740 493 31
1540 1845 382
1308 143 339
1502 1123 573
1897 748 811
1061 459 259
1915 1443 346
876 576 580
1389 990 528
1466 3 373
993 1628 373
1468 771 358
657 128 300
1320 792 850
978 1189 545
1552 619 603
431 1314 288
1249 1821 372
216 162 298
1108 1473 645
1520 1450 945
1286 854 295
1626 733 765
27 1948 361
31 15 493
528 1451 924
147 1509 173
334 1738 671
1795 1576 193
722 531 821
1463 1805 448
1896 1091 423
931 1929 609
102 773 173
792 166 34
440 1584 522
602 1602 697
1274 1218 403
622 1249 527
1116 129 185
1938 1516 104
941 487 571
1725 1995 288
1839 307 757
38 1448 812
499 7 346
1287 1470 787
1175 1223 347
904 110 151
1802 1630 828
1082 1497 965
1477 551 106
682 1095 985
95 1225 908
620 229 852
1634 1355 892
1761 208 143
665 1977 207
1802 781 485
282 226 238
715 1636 417
760 415 373
1960 288 117
576 564 221
698 412 569
1411 954 469
619 109 155
662 1867 270
609 1310 862
1173 1907 372
602 675 339
784 1705 953
1539 263 304
922 531 362
1161 1179 303
1372 1389 347
1124 318 798
403 51 473
767 1227 46
1095 839 565
400 703 258
1899 586 803
696 464 791
1512 434 285
736 473 854
1195 1212 399
1276 480 863
201 200 496
1668 1148 504
281 181 72
1896 883 439
607 1273 18
2 1355 856
1458 1006 218
1938 981 322
1296 157 667
165 1330 842
631 1631 370
1919 770 50
1988 1073 751
1274 476 14
674 1291 537
776 1174 714
466 1798 689
844 444 821
718 450 781
115 646 62
1760 1276 836
343 1309 165
4 1288 300
6 1239 816
46 197 158
930 1009 661
544 236 870
1166 1683 716
1416 1325 603
1934 1130 676
1785 1851 69
325 1450 372
574 223 26
1204 753 683
606 43 332
1161 756 407
57 299 183
1988 1033 219
666 1324 178
1248 600 474
293 1388 22
240 1126 169
286 449 57
657 33 193
1021 973 840
1936 1992 269
270 373 567
135 1381 583
1824 418 908
807 870 786
802 1521 416
1494 139 18
647 172 900
1483 1681 191
995 1363 799
519 1008 939
1927 303 442
810 15 995
1159 1569 447
56 1292 841
1985 1349 213
368 984 535
754 1123 346
339 1855 109
1100 1789 558
654 632 5
338 1335 165
1401 155 209
308 1333 697
1821 842 590
590 774 127
1215 885 915
1625 1163 377
440 1413 961
308 380 540
1166 1205 838
830 236 676
48 814 855
1589 1134 394
1072 1886 0
949 1387 383
354 1042 659
677 253 951
1406 659 950
108 11 806
1964 711 983
1324 1503 845
79 896 580
1774 1839 340
1589 1206 609
1067 1637 660
1746 377 721
1345 646 778
1874 366 91
1460 175 514
851 1003 0
1135 748 599
1325 128 578
275 884 217
851 4 594
779 787 52
1880 522 334
1322 1767 965
1931 920 159
554 72 193
104 1067 399
1045 412 97
176 186 916
3 1225 296
278 1531 121
1137 1792 597
1250 460 759
669 732 261
872 300 606
1042 1727 47
1367 1900 534
1996 1010 176
1765 1353 913
921 1256 771
105 1764 694
272 1539 512
157 577 362
1864 915 776
1912 1494 304
1682 651 317
479 1064 701
859 1883 184
241 665 94
1043 985 73
461 1827 197
171 959 931
309 508 668
571 800 483
403 1670 717
473 1995 297
446 1789 387
1027 957 505
1309 1188 783
236 765 555
229 1309 783
1959 257 200
1614 474 965
1745 1145 453
119 634 409
1028 1264 106
1333 32 124
485 86 98
1677 642 358
435 1824 533
1763 1461 785
264 1594 124
1153 1192 623
279 1205 19
816 494 291
1897 281 535
710 1646 331
752 1584 514
517 1107 823
1682 1092 577
696 1495 374
644 1392 440
1899 1822 666
855 1860 503
1050 846 574
1839 568 868
1784 1257 753
39 1455 927
1463 1855 955
736 1704 997
98 619 580
7 1178 502
55 473 884
823 1615 825
1444 1495 816
1886 261 46
907 38 169
247 1157 699
1542 1929 299
1433 1964 94
940 1119 211
1660 751 696
1426 629 26
309 1058 502
1044 1417 297
1793 1811 624
170 486 127
1964 609 5
952 253 260
73 306 884
814 1017 342
405 1077 896
757 287 563
639 1933 242
849 44 270
691 95 314
686 1462 457
164 984 801
500 1631 756
65 1822 643
1504 1548 274
1581 419 322
579 1404 490
880 304 518
1044 602 70
1087 208 61
1859 878 86
838 1006 747
1275 1834 589
560 1622 811
1190 948 287
1804 590 54
992 834 112
772 779 78
622 1303 26
1963 1787 66
398 97 273
568 1783 395
1381 1192 795
1835 1400 214
1818 1104 721
823 717 801
1126 1224 822
945 154 867
1283 975 176
351 973 296
893 394 661
1883 1244 438
1405 529 875
118 444 487
1058 1284 771
1410 1172 0
405 1710 182
1942 1548 875
1596 453 742
1700 1819 32
1495 1693 897
170 559 624
1896 507 468
292 178 353
130 164 999
1597 1903 263
1377 1388 604
1672 1080 454
1861 916 914
534 1457 948
1730 214 28
1398 705 495
1034 204 506
826 1535 721
207 174 410
1763 266 14
1912 226 302
1510 892 83
1835 346 916
273 512 363
1951 1521 978
1631 394 344
987 1428 194
1835 1814 361
147 411 311
192 1151 499
159 324 419
1799 109 747
1827 1459 841
1528 366 709
489 416 164
576 822 510
379 237 817
1141 1737 64
1279 986 412
1685 220 756
301 1742 580
1577 1948 322
1604 958 948
1403 1334 586
487 291 587
1328 236 60
1979 1263 228
1027 609 183
1077 280 474
786 1718 845
388 53 905
576 850 130
1022 575 285
387 1468 687
471 61 226
1761 1665 855
580 306 389
141 1745 917
1269 469 737
463 1898 341
924 766 9
319 1166 655
1592 1307 142
1323 1590 7
1782 197 856
1805 1237 66
247 201 23
190 1183 726
766 775 403
796 154 784
804 1496 804
1284 1545 47
648 1109 295
1696 40 256
1337 1846 238
1631 948 14
1938 1691 545
203 1001 611
1269 1548 430
77 630 431
570 1216 331
412 1368 468
222 1945 451
1471 1966 437
1000 1940 548
1050 632 130
439 1532 918
798 1771 289
1119 302 5
900 175 300
1353 762 463
579 4 336
1908 1432 686
767 836 944
39 1014 810
1930 1098 938
889 1841 974
1587 252 649
465 1054 220
731 944 427
395 1398 354
1194 1709 188
1890 415 54
750 275 327
1102 1685 902
686 593 174
1870 1071 468
1873 1261 207
978 1575 239
1798 308 797
1868 731 902
1889 1660 634
1446 1760 714
341 944 289
1099 725 917
1786 456 667
1811 125 398
791 1197 838
935 1140 610
1188 986 438
1387 33 589
289 1518 904
114 1343 40
562 1392 701
183 1701 904
1388 270 970
1864 287 377
1073 165 957
1592 723 577
1733 1041 796
1812 25 262
723 198 81
45 1159 762
908 1454 303
519 1389 799
46 168 240
556 1882 347
672 882 608
527 1254 138
1117 1774 560
19 1795 794
587 328 398
524 358 497
1754 1983 46
5 195 875
1591 1036 952
150 1606 475
845 221 344
697 644 816
597 870 296
579 1535 948
173 1384 41
661 439 546
190 699 253
1741 1120 471
1290 937 321
98 1136 462
1297 951 569
1625 1284 889
1579 1300 511
160 71 419
303 847 751
1706 1606 465
1105 205 548
578 837 936
1134 1066 879
1053 1581 724
177 195 157
1789 560 795
1328 1607 552
1270 311 805
1263 1459 412
1 812 565
1703 1985 378
224 1115 153
772 220 908
449 1095 922
1776 535 414
1675 1719 776
1190 728 664
1111 295 748
849 1424 116
598 1994 990
1079 1747 703
1368 876 792
1289 691 568
213 152 209
1349 1852 54
1391 1973 65
906 636 177
36 672 373
149 17 418
941 633 385
589 242 606
1393 1811 51
883 736 896
1525 1964 535
1291 1965 790
1857 1595 815
977 193 795
77 706 842
156 620 788
1313 861 305
435 1272 937
136 1469 436
1446 444 748
613 1573 539
1660 942 851
1289 134 282
1019 1901 951
1991 1477 392
928 1335 327
1817 290 400
1607 1766 606
1501 98 518
1742 438 348
1681 203 995
284 912 716
870 1955 673
1568 581 18
923 817 151
981 392 141
1430 479 312
554 1706 91
458 1285 735
892 406 862
933 410 69
596 1021 17
1074 505 83
416 1650 89
910 1235 622
733 637 830
1658 942 76
1998 477 304
1180 565 233
677 376 130
229 1506 803
1059 69 98
1687 1328 19
221 1841 541
1383 205 624
1316 714 517
1525 1644 768
1127 1684 538
1756 912 928
946 1093 617
932 1058 790
1853 94 963
108 770 862
133 1952 710
1116 1247 764
1016 848 775
66 511 291
1692 88 307
1483 1117 592
278 1707 581
1892 1670 65
822 1927 75
288 1511 270
1007 446 628
773 1847 216
872 1094 13
994 1170 532
734 1779 297
1053 1711 828
1380 1638 463
305 1931 617
1504 272 380
1970 744 663
1147 1751 495
626 1401 885
1716 1569 543
1559 1368 704
791 1018 934
1617 663 492
1622 1436 844
1082 797 774
1647 297 667
1495 1318 532
1040 277 665
1796 1835 207
799 1726 273
1972 118 245
183 1289 67
865 1068 17
571 152 485
1390 535 552
566 94 381
1734 586 762
57 929 64
336 1112 32
338 1680 124
682 1394 531
913 1940 108
1095 786 644
1778 1615 529
1077 352 199
1034 1603 109
558 1882 142
1618 412 25
1164 1834 723
1593 1823 294
1554 1498 253
1596 779 84
230 1507 966
1968 1081 662
103 1812 375
1163 443 200
561 86 176
521 1212 22
1410 1914 538
564 1721 402
1077 1188 240
1383 1253 250
889 596 289
1882 827 265
338 419 901
832 834 441
61 1303 164
37 993 815
1309 284 767
912 127 673
1504 1927 367
1863 1439 709
429 1879 999
261 760 659
1274 417 76
1957 1454 337
1931 286 937
1946 160 583
590 671 156
1413 888 199
111 1205 803
1402 1448 732
1842 305 648
193 890 489
816 938 126
124 1171 568
1844 1420 205
1488 828 172
1947 1622 193
334 829 488
1600 234 918
1748 1350 458
316 1607 870
999 1395 140
1287 582 20
621 691 381
370 112 868
453 577 474
187 967 584
464 1886 948
631 348 367
1455 1219 556
1440 1976 316
1782 1251 178
162 1392 136
880 950 343
826 1799 978
1371 1086 990
598 758 657
1402 912 997
86 1286 175
1663 1065 32
1220 555 706
79 958 639
1929 1304 72
59 58 40
1849 1747 949
340 1936 499
1294 1252 170
1517 1708 262
1658 910 231
406 1211 558
115 843 437
534 228 813
353 60 852
514 1123 594
1336 1809 747
1469 676 390
1296 873 286
539 26 170
830 239 18
1621 1960 480
1432 605 26
1853 657 785
752 1198 355
594 482 333
1454 1683 951
1733 880 225
1993 1080 429
1618 956 727
1138 1874 204
795 156 888
1594 1489 306
1007 930 297
1364 528 917
1855 1310 997
78 1514 517
872 370 163
860 506 761
1112 3 600
1012 1437 853
440 698 756
845 1273 659
1539 1836 584
816 1932 314
23 1572 67
1967 600 3
1088 1804 359
230 204 666
1157 1576 168
942 649 817
800 144 257
1740 1159 167
222 598 629
12 1101 950
1795 1383 458
531 614 529
703 1447 378
439 1931 614
614 1479 613
1402 533 387
623 1687 573
1807 608 590
1600 912 978
1656 760 891
1634 760 408
1455 845 990
1013 393 759
396 99 962
783 1630 140
1711 1559 907
1051 140 408
890 143 661
826 763 123
971 288 724
322 1736 154
1500 1263 119
1620 496 763
443 1820 215
184 202 865
1291 90 933
247 1975 581
951 1110 104
642 111 138
1745 1915 908
774 1943 949
1901 1338 997
1694 754 491
5 652 562
777 1292 341
1817 1668 633
1356 118 951
570 281 95
1775 218 786
873 1165 739
117 1224 615
860 872 702
757 1559 959
596 398 834
236 1579 571
1823 749 397
1083 1434 775
1661 1430 127
1417 680 526
1902 1395 134
1295 1932 693
97 14 159
1980 585 423
725 783 25
1609 1106 448
961 1893 76
1606 761 116
292 1366 367
158 892 82
1366 350 215
122 883 466
633 455 349
633 1541 567
552 1534 933
1754 1885 633
929 1899 594
1212 495 634
929 250 939
134 920 883
483 1680 101
1965 34 266
1004 485 623
982 1582 683
1169 1068 719
563 1209 875
269 1968 124
1073 1712 771
820 1910 946
25 1746 394
1780 706 113
1998 866 542
1770 1096 148
1330 1080 344
730 1808 271
1951 1260 453
246 1576 147
1971 1494 526
1807 1023 214
357 1958 29
701 1789 638
1303 1683 777
1191 589 955
550 1896 814
673 471 948
1220 12 205
1689 549 745
979 821 614
132 959 917
259 1243 333
1563 282 512
766 1467 917
1171 1157 578
1861 1418 322
692 68 630
1520 688 267
756 305 970
1642 1836 873
342 894 265
239 1300 932
261 1048 700
852 1665 262
1182 1369 558
902 1558 76
1675 1095 715
1840 971 814
51 961 714
1799 541 510
188 1238 570
653 10 835
1264 1397 417
195 573 343
881 1163 380
958 1096 576
135 1837 672
1458 1530 623
852 791 495
1346 1578 667
332 1933 668
581 853 296
89 661 382
1163 1548 778
1250 1487 670
80 1801 552
405 1958 169
1940 1823 310
1260 1717 52
749 778 250
944 1282 67
260 506 187
1691 100 573
1635 258 170
1200 1073 807
552 1683 778
1272 1813 272
301 1713 725
1020 1551 655
1109 1409 549
471 1805 313
1327 263 854
1361 1061 617
1395 1336 288
1872 1909 34
331 856 38
269 43 566
1598 1575 641
1713 1452 122
1785 1028 420
925 355 722
1295 121 742
92 1104 781
1372 1817 427
1966 1033 883
1168 1518 613
1986 1653 855
89 735 218
309 1246 839
245 77 65
1282 1605 814
1786 231 548
1683 668 766
1886 273 239
1273 1486 323
1657 1272 448
592 475 920
929 566 455
1231 1858 981
1952 1502 484
570 74 555
653 694 768
354 1696 835
244 616 603
1523 1776 876
130 668 708
1770 1577 572
1913 1125 822
1740 1498 577
1157 172 154
114 581 4
1576 660 111
1610 375 608
551 1541 650
103 796 53
1429 878 561
1852 998 686
1534 541 442
791 1080 152
917 697 597
1807 1689 303
1204 256 487
96 16 375
84 579 998
70 1226 926
196 556 448
619 1561 600
812 1280 715
353 1508 194
412 68 980
333 862 536
1257 138 181
1 1620 845
468 1783 370
369 519 914
1313 1899 663
1852 885 120
709 1107 233
1772 686 394
137 896 476
12 1027 463
797 1892 790
773 148 203
1050 1092 382
1991 655 141
1927 1980 522
680 1499 513
1978 879 672
66 1065 901
1440 1910 630
990 1861 484
1487 579 189
1791 67 758
285 435 101
388 1298 114
1061 1963 634
1992 841 385
1281 695 505
558 1792 304
1336 120 216
1215 86 409
1700 1097 354
1503 995 917
1813 816 93
1116 714 79
1829 1102 1
943 1421 403
1411 1835 512
1242 1839 440
616 1385 635
96 1567 746
23 276 803
359 1187 861
147 458 560
823 902 459
1372 530 347
830 743 766
42 456 187
1082 1113 926
264 1369 379
1178 1325 442
1940 1187 771
147 1143 296
19 889 208
609 232 375
541 403 655
1864 1959 597
1691 1226 447
1523 1221 449
1923 15 688
1709 1663 198
1466 1290 152
374 1023 530
613 1490 336
177 1742 488
1089 1900 510
424 167 358
541 73 648
1001 1070 945
69 518 576
1400 1626 353
359 106 391
1075 1674 95
1807 477 663
537 1077 855
1699 810 206
194 182 631
1497 728 594
1228 1019 526
444 677 856
1194 548 223
1228 1415 39
33 1039 835
628 1666 550
145 283 384
1582 439 392
1090 500 966
159 619 864
1289 1562 76
896 461 886
1556 1017 676
356 350 568
1909 1875 63
1358 1987 474
1827 42 384
555 1339 984
1231 1675 93
1399 1563 847
1841 136 366
568 1987 123
1914 439 369
1220 1382 923
1058 1042 102
255 1489 112
114 1369 342
1661 1528 501
191 1830 488
1832 208 59
1189 1344 508
478 1699 673
462 1191 897
954 1137 781
1653 630 160
864 1926 823
1330 346 866
1309 1918 620
1796 1147 927
860 393 474
1421 819 656
1791 120 549
1268 1304 761
1890 1839 485
1958 1329 196
1345 1682 580
1 1175 519
959 95 953
1905 418 600
291 1696 310
964 758 577
1204 440 41
1586 505 116
930 1592 6
1678 402 607
427 520 559
53 179 763
667 459 699
1543 121 937
253 176 487
1717 369 470
1599 232 218
1513 832 445
1382 1183 482
1887 728 188
1423 853 448
245 156 781
513 465 471
139 747 204
138 1843 215
889 325 491
568 1851 618
974 241 368
1594 1558 449
1139 1021 633
1099 1948 119
1431 106 862
1861 1989 178
1725 1815 321
1882 554 328
1259 757 437
1576 956 511
1166 619 566
405 1040 746
1080 1589 626
39 1684 413
1602 93 374
1783 24 206
1803 1546 493
1511 644 836
1455 470 94
875 1090 92
1895 1059 876
1316 446 273
1916 1331 311
430 808 354
1787 120 699
1831 1408 266
519 1362 234
252 980 443
1493 877 853
409 462 148
299 1172 981
1679 88 732
689 1114 378
43 1184 489
1571 5 777
681 1121 208
416 1040 942
958 1509 597
1398 47 34
634 1040 620
415 798 692
1270 1436 15
231 1941 386
68 1038 332
862 889 237
130 291 468
274 84 83
772 1186 221
722 1697 39
1807 423 502
1782 875 735
355 1321 389
1680 1623 453
1491 735 851
570 1380 446
1042 1722 389
510 1956 208
207 140 754
1847 180 563
139 268 928
463 829 401
516 1033 536
118 485 412
1516 798 883
642 1114 627
462 1619 720
1263 491 308
198 153 548
544 414 336
358 158 561
1559 1244 750
443 1261 689
1753 840 200
1194 1628 337
1293 897 752
639 1102 862
1218 272 40
1488 386 710
632 1489 218
205 1394 472
613 853 342
1200 1425 365
279 566 186
1409 305 152
189 1178 631
744 1413 124
414 1312 390
1101 561 887
1156 1176 281
1009 1766 969
49 621 205
1756 1348 952
1891 342 643
1752 498 437
1863 1475 730
844 1815 237
1933 926 207
383 1915 67
1941 941 718
960 1665 856
1585 1985 992
538 170 786
1005 1705 496
91 1565 906
595 1313 245
703 1831 697
122 1739 484
1392 1773 761
878 1206 409
285 1483 153
434 18 942
590 1108 219
704 1730 693
1173 589 246
480 209 66
1553 1351 552
121 903 604
62 126 920
420 353 34
1483 1593 163
185 673 490
155 218 438
1233 779 698
889 40 762
590 21 337
800 131 513
329 1018 691
714 257 908
591 240 33
1451 1811 453
1680 709 755
930 20 295
240 1572 602
470 1094 995
1139 1090 269
1332 1388 300
1674 1364 384
1585 1690 684
508 558 187
613 1462 211
670 1961 531
340 1308 568
1468 658 60
292 532 145
671 4 393
1770 1160 813
12 713 515
1215 310 361
801 1643 241
1459 997 251
1577 757 615
393 1085 335
1818 1481 214
153 1011 331
194 1768 104
1680 1637 591
1467 1126 342
1946 1818 310
713 502 861
1939 1142 580
1075 1645 973
973 712 267
1243 1567 535
55 1774 830
1032 36 922
262 1647 810
597 1540 105
1442 1973 588
1163 541 172
1100 641 846
1053 1912 167
1128 1510 143
415 1538 337
1203 1808 184
289 1182 320
1643 254 391
1998 1640 908
1644 1006 109
1830 778 570
1463 571 231
1121 1794 474
257 326 152
808 279 592
1779 315 77
1889 1613 897
1525 1022 668
1218 1344 690
1100 1127 5
1031 1908 5
1040 594 626
674 1412 58
1394 1779 395
1221 817 47
721 1190 321
276 1081 838
61 684 447
790 444 299
757 143 666
1360 1177 255
1650 214 83
913 680 437
861 151 162
1098 851 974
1751 8 761
893 1840 369
612 179 555
989 1937 717
958 1693 201
569 1848 885
1622 1627 739
876 1167 273
470 993 823
1508 823 692
1076 542 477
1949 964 242
1444 93 705
1836 1946 344
1053 198 950
252 1 28
1240 1624 983
478 539 52
127 455 719
129 638 118
1060 932 891
1841 25 324
916 1336 89
1445 13 525
1119 889 912
1238 1609 363
1328 1220 903
1727 783 164
815 57 856
136 1105 88
447 1801 557
1471 1340 298
1485 1736 438
820 1372 341
1524 594 142
429 1751 440
1225 1759 51
1005 913 653
772 1914 810
1992 1973 350
406 276 12
1575 1078 376
154 1047 165
1845 998 801
536 177 825
742 170 358
188 329 396
1483 85 899
1698 1895 921
395 456 189
1475 790 619
1873 995 863
1892 1397 930
1523 1583 0
1809 235 858
444 1353 247
1113 1362 388
1764 182 268
739 537 69
79 610 956
1926 923 166
1772 1572 945
46 1042 234
1192 1967 369
1397 515 369
1599 5 874
1055 935 173
924 1420 573
1865 1070 265
1877 1055 595
1043 1768 663
807 361 92
260 1697 243
1958 1004 101
61 1919 652
92 987 840
1549 657 55
91 1675 776
398 448 971
476 345 713
4 189 384
1755 295 333
1784 1369 801
990 1100 614
1023 1826 73
1623 1792 877
1508 1563 438
291 311 520
598 642 944
1003 1584 164
442 1531 672
1611 124 314
786 1448 976
409 1581 755
1815 1631 54
1585 39 358
93 612 958
27 1044 869
1264 1888 804
86 365 271
1162 279 590
1021 399 56
1821 928 173
1990 1300 215
141 1443 958
1484 389 710
58 496 462
716 1999 492
524 586 329
584 1431 657
1744 1898 719
172 425 692
156 1416 118
1226 1187 848
521 1966 604
1093 823 154
608 790 783
218 713 570
457 1731 625
87 1235 500
708 1205 631
359 1250 397
944 1684 276
1983 1787 875
704 1181 107
187 1080 754
36 316 196
469 1681 165
1904 1032 906
179 1176 96
1989 680 807
1544 868 867
1063 70 671
1025 1627 602
1408 271 785
815 677 747
315 375 475
183 332 743
1085 696 344
100 620 553
1892 1656 504
1431 1756 349
1805 17 363
149 209 911
949 1924 361
771 1353 106
308 640 378
641 1743 941
484 799 535
598 420 800
637 512 569
884 1963 175
1694 104 981
1414 137 460
1315 1201 989
520 1755 658
1244 1716 739
1551 1537 130
948 437 937
1762 554 923
1145 42 191
437 315 976
1512 1290 426
462 1136 333
653 552 592
109 1153 44
1128 1361 710
1055 902 956
1163 216 101
1264 414 739
1202 1586 180
477 1552 842
1502 1799 963
54 1892 417
65 1362 444
644 413 750
651 187 925
1107 1588 359
1075 1483 542
798 112 236
1639 664 988
265 1103 189
939 670 295
486 729 685
1712 1014 134
1954 416 565
1757 15 520
1858 966 421
865 265 515
800 1348 960
992 1429 936
1730 1387 986
1222 935 187
858 25 977
1510 1205 354
866 1578 376
1991 567 92
349 1323 43
1055 2 673
417 789 478
1626 1283 177
246 230 96
1668 795 151
1797 742 36
889 1971 109
32 189 200
1945 1576 69
1477 1192 269
186 1484 869
374 273 931
1106 443 548
665 247 603
324 412 899
222 692 733
1151 664 505
185 1002 987
1302 1020 143
967 1076 308
1675 969 215
1143 1514 286
1867 538 761
1914 1373 640
54 1241 878
675 387 480
850 1194 186
1233 1503 662
1146 1570 353
850 1328 9
34 1567 321
1422 439 490
1315 285 5
1235 172 246
1970 1235 714
211 369 504
657 1053 613
1639 171 699
430 152 73
401 1730 479
1232 305 922
548 1999 280
1597 1280 732
327 459 722
783 1660 759
397 63 29
1208 440 264
177 1393 763
821 1659 635
1368 42 291
1164 1157 851
963 897 613
1992 155 95
981 450 705
1799 178 575
345 1160 917
289 652 327
783 1148 848
1001 1375 758
1236 1065 381
1666 126 988
282 1517 171
106 1646 665
155 1695 110
1599 158 103
832 663 279
353 68 124
1987 1274 225
1715 886 930
1248 1177 307
444 401 348
1429 798 825
162 1462 817
1485 286 291
1138 1669 41
1379 479 439
1924 1771 709
1463 692 711
942 137 558
1822 112 547
1434 658 368
1713 85 867
110 174 542
64 1202 171
1890 1777 908
744 58 403
353 685 354
489 129 403
1101 1915 934
467 628 734
983 99 253
1264 1074 585
600 1670 776
1205 1245 348
857 1071 305
191 1457 82
1184 915 771
1732 1044 613
1937 1890 675
1636 1678 13
1511 304 786
91 974 655
477 204 82
1272 335 298
1899 1382 91
1451 1216 611
580 999 437
1046 392 328
766 130 201
914 1650 989
178 1817 971
1298 127 889
57 1595 237
655 438 766
536 1922 220
1210 819 460
1571 647 658
1867 975 128
612 1190 653
902 613 222
1030 1186 807
1596 261 38
760 161 402
1264 1094 917
1785 1988 791
1583 317 533
542 1742 901
1224 1751 922
1168 1830 980
1178 781 276
1216 1419 796
1088 1736 881
1032 57 578
309 1221 203
1821 1443 822
1110 688 999
776 1835 503
1628 1987 507
1391 1712 206
1131 1491 87
73 1711 567
