384 0 383
91 365 673
92 379 580
10 105 11
160 61 261
287 362 654
91 292 399
66 219 440
321 39 987
150 52 608
48 285 414
376 234 221
73 210 13
61 197 563
11 379 174
253 39 385
333 360 509
144 266 679
198 332 711
21 143 188
216 178 400
92 279 549
130 329 108
216 138 968
353 339 578
43 123 726
375 33 108
46 21 681
350 299 54
339 58 156
81 235 327
239 135 370
382 337 625
291 225 654
62 303 180
286 121 246
251 180 70
179 315 948
141 154 430
73 327 592
278 88 798
207 170 84
121 197 758
135 316 320
36 177 686
136 25 424
268 41 979
149 339 971
206 295 211
96 22 158
294 169 518
21 288 381
351 45 849
23 4 971
37 195 810
237 85 893
317 6 399
31 246 139
168 221 457
65 233 701
2 157 847
32 31 600
116 304 121
149 220 638
172 9 106
305 366 85
128 220 964
10 157 68
248 291 689
28 63 960
21 16 223
60 277 475
341 332 375
341 52 585
277 220 610
189 69 189
252 71 715
127 298 722
100 157 141
312 147 166
293 310 169
291 79 341
365 268 316
301 43 135
221 189 881
118 345 123
68 107 905
204 137 675
251 313 431
205 90 479
242 214 919
121 283 794
57 36 162
168 55 999
342 298 190
228 267 944
359 272 370
352 320 347
46 156 762
75 290 497
66 324 729
247 225 716
61 97 14
86 209 915
108 382 98
131 254 931
16 382 974
22 210 272
253 334 471
191 228 605
353 52 817
290 372 103
190 276 357
310 100 31
37 273 845
86 125 573
126 158 387
148 259 923
170 29 68
49 304 605
133 105 112
146 212 854
352 296 83
83 246 906
302 379 315
6 110 540
65 181 268
24 161 269
153 98 901
270 130 738
84 269 97
93 83 664
262 84 401
351 140 846
211 363 872
213 6 398
69 363 428
54 307 534
245 71 262
15 46 300
338 3 127
226 307 884
79 201 779
15 130 896
261 58 402
116 383 722
91 340 916
14 96 900
111 268 516
269 236 942
35 53 624
89 215 824
73 18 46
74 143 284
256 111 186
74 326 298
13 349 470
86 48 43
131 44 356
109 169 90
304 252 335
276 96 695
125 330 5
315 381 710
239 143 286
112 302 114
291 8 721
244 66 199
333 142 200
74 383 342
337 83 981
35 294 486
167 290 911
134 3 235
248 186 30
187 329 231
358 38 932
58 332 400
27 370 663
81 162 624
219 195 296
381 1 121
379 14 656
382 9 222
305 46 355
336 312 229
92 199 350
90 215 285
132 264 102
180 106 961
103 108 781
159 177 234
278 345 340
337 135 638
310 239 545
97 234 431
298 49 756
326 178 203
247 148 780
366 143 66
113 355 866
26 15 311
304 63 137
79 260 474
41 231 259
197 193 79
298 352 654
354 340 327
205 84 656
100 120 967
369 134 201
154 15 693
111 255 930
0 302 759
383 5 777
221 212 333
299 59 309
2 250 605
1 333 93
128 374 592
188 182 856
61 134 626
313 81 736
106 323 505
185 373 321
287 163 19
12 153 115
75 104 670
354 373 46
381 4 165
157 109 453
0 122 859
155 359 982
259 271 397
286 294 853
14 150 283
259 142 631
61 215 371
48 26 496
192 304 820
167 190 521
205 302 769
104 171 198
357 113 630
343 124 720
178 96 317
378 374 278
177 66 615
33 181 743
57 258 591
250 156 617
184 238 671
228 293 40
267 241 185
70 182 468
266 108 899
4 78 49
219 351 298
136 98 158
246 67 40
68 25 857
306 272 61
352 236 393
231 14 566
185 149 233
224 42 836
39 163 765
92 295 254
354 82 814
10 178 187
86 322 904
272 105 210
222 227 779
339 283 83
13 127 506
47 22 568
62 117 60
304 129 142
312 60 236
184 224 506
1 23 406
84 252 337
341 208 728
380 267 517
293 271 570
188 151 26
217 120 299
314 312 996
98 349 177
96 360 894
57 104 734
94 197 161
379 216 898
383 193 78
269 240 844
93 89 799
310 106 350
143 141 999
214 340 117
54 132 575
242 369 62
70 318 220
233 181 657
272 267 629
95 60 19
79 107 434
108 30 457
115 73 54
336 40 843
20 382 822
134 180 166
45 186 89
53 93 636
301 19 158
284 5 476
74 154 807
174 49 386
107 229 889
62 115 937
184 307 481
65 32 859
139 361 53
169 69 615
254 60 876
52 365 842
2 5 437
238 211 681
287 101 315
381 353 34
361 227 892
185 84 498
24 376 921
222 166 433
14 104 713
52 78 424
122 289 178
278 71 44
288 201 672
145 290 871
45 343 869
186 207 753
380 196 242
303 57 761
331 219 824
299 4 375
32 115 353
92 87 3
158 230 289
297 71 779
308 69 171
322 130 987
190 232 4
140 274 77
312 15 753
357 151 701
338 243 510
154 21 56
342 327 717
209 242 269
361 63 901
124 118 63
205 217 645
346 192 814
252 207 33
211 172 195
127 282 959
3 363 696
267 56 875
111 128 650
160 353 546
264 296 616
346 10 265
296 167 722
3 61 21
127 41 937
208 209 676
78 135 803
11 73 207
289 354 183
371 59 30
194 13 602
179 36 804
304 258 733
138 356 955
47 176 250
322 261 944
121 249 428
342 182 986
346 141 967
23 371 138
1 41 11
375 114 697
29 38 243
21 154 879
197 50 670
224 85 347
124 321 786
180 193 585
162 101 438
0 221 238
87 353 617
44 224 619
348 333 992
374 176 453
325 109 761
326 215 67
66 93 961
118 294 223
9 227 714
328 193 436
247 195 822
69 357 571
294 191 515
132 239 142
84 207 722
214 307 89
149 117 311
135 120 932
113 135 864
264 338 990
159 271 962
226 373 745
203 83 776
133 140 179
334 236 409
30 83 118
264 200 574
320 86 802
262 31 840
73 202 404
350 283 29
19 153 62
312 233 710
287 114 737
26 172 315
123 21 279
318 91 11
351 380 809
197 52 189
250 359 767
74 147 826
52 134 765
105 21 171
145 49 452
0 280 578
324 272 376
250 68 30
351 225 66
172 93 479
352 19 338
217 222 373
353 146 636
22 216 774
209 185 597
250 77 423
206 151 687
250 325 566
324 303 846
173 285 898
279 31 931
28 3 938
90 287 754
2 231 514
1 123 535
127 17 60
86 66 543
78 97 565
360 3 192
318 174 812
363 154 427
339 136 938
280 287 358
124 275 998
298 69 708
133 371 178
210 362 828
125 342 938
141 116 643
111 190 734
353 121 978
95 229 270
300 131 150
60 24 855
95 66 184
363 292 199
129 171 331
218 114 277
144 160 449
269 44 973
226 347 435
321 76 22
225 379 250
106 41 28
131 173 650
90 166 960
6 141 261
281 87 519
45 253 897
274 182 848
271 114 154
336 7 315
220 56 542
164 13 124
314 266 304
114 135 689
142 341 547
198 132 677
32 201 428
233 253 8
245 254 217
190 24 225
264 320 789
372 285 335
211 26 221
175 111 905
303 376 335
311 62 895
159 77 958
179 94 227
286 362 973
131 225 720
372 351 395
55 202 758
77 74 624
353 29 163
307 196 958
349 205 472
311 339 215
206 242 383
317 214 619
303 278 165
115 10 462
237 200 209
25 102 395
168 246 586
245 291 222
223 14 501
329 117 236
84 19 399
237 137 199
310 250 19
48 265 136
155 176 753
67 2 375
17 352 998
298 34 608
35 29 188
181 247 414
202 314 270
304 84 363
220 200 47
278 89 744
82 60 206
302 375 600
158 232 562
299 167 942
293 26 376
363 257 565
245 329 130
300 277 369
354 351 516
28 253 354
133 65 956
220 79 940
251 115 249
15 157 798
272 183 783
207 356 37
274 306 947
119 370 942
29 83 651
63 199 279
108 301 379
96 323 708
188 333 960
17 247 504
134 262 628
313 132 643
365 94 17
369 326 602
206 116 994
256 357 244
38 325 543
272 318 904
372 344 558
279 147 829
380 255 74
255 40 815
231 130 861
42 260 326
353 271 209
306 48 703
228 141 39
322 115 480
148 366 434
155 299 101
304 346 68
241 244 604
288 23 669
105 129 30
367 53 153
34 41 124
131 185 835
100 174 154
20 10 600
133 26 802
247 130 875
238 235 362
256 202 495
284 170 90
214 269 836
161 370 359
304 359 55
109 173 862
30 112 814
265 358 329
278 368 870
204 288 765
203 261 9
329 274 571
310 203 369
175 47 618
291 326 616
244 129 406
220 74 309
376 298 167
180 363 954
61 250 225
294 30 168
232 355 300
88 63 63
301 161 882
276 231 886
109 338 20
120 153 284
362 156 589
48 378 359
181 90 994
42 97 451
104 17 55
257 362 371
135 144 72
135 26 852
16 258 608
88 19 664
101 312 500
284 30 228
322 72 975
264 140 677
267 72 832
198 15 849
136 171 99
42 105 830
42 355 274
333 356 543
335 79 517
375 147 576
382 263 112
200 324 451
180 368 884
269 359 984
268 206 777
368 341 599
160 97 492
26 87 734
96 154 603
189 367 268
55 28 49
248 111 609
253 200 409
227 178 171
215 334 117
366 57 103
306 73 952
157 190 218
69 8 441
272 200 417
145 101 29
29 137 488
240 6 488
311 217 504
6 22 547
21 210 438
342 38 494
165 156 351
268 261 553
366 58 444
11 367 912
192 25 687
259 301 328
11 377 644
353 324 77
241 54 9
123 65 54
334 41 972
353 161 405
116 31 379
216 221 584
248 31 622
377 216 163
68 187 571
90 321 345
109 342 779
251 204 826
229 57 338
