1536 0 1535
211 535 685
1400 343 5
1188 499 641
851 1002 433
774 46 537
374 1140 915
1128 151 268
1390 621 726
1036 80 122
1511 1073 827
1325 718 577
942 170 850
158 584 860
1106 1343 178
720 59 297
782 434 899
818 846 433
525 670 354
1037 905 698
746 889 263
1294 1124 27
200 1040 722
233 474 267
795 414 374
895 596 225
959 1202 547
1078 208 419
1464 1358 866
303 1361 170
386 1453 184
573 324 876
114 1103 118
924 47 133
618 273 890
638 1161 948
916 801 617
1197 841 674
419 1227 398
155 1123 139
1180 583 453
1127 758 338
216 949 724
92 914 88
130 1196 768
197 1456 713
1160 212 422
1236 253 774
395 1321 614
429 970 452
1260 167 530
681 389 964
1233 300 978
775 212 686
393 1186 237
1401 624 121
1370 635 711
753 1174 150
1376 1217 662
96 630 686
1242 1054 335
21 941 163
440 1346 923
1439 1395 357
527 98 111
1060 974 992
1421 1139 27
351 690 368
1216 1027 958
99 414 498
1439 1202 673
411 1498 972
1370 1130 640
1131 562 222
1313 1148 56
1316 1152 155
48 1308 843
759 49 561
261 164 880
1479 1105 280
1110 572 21
1245 139 72
1513 1197 901
401 1507 52
33 1071 840
39 220 895
680 826 47
315 1055 303
325 614 740
835 363 486
904 1194 923
1450 1108 507
1172 322 63
94 705 853
3 969 268
661 1251 66
1367 280 291
727 239 880
1340 1193 686
594 1162 159
1107 1116 988
1239 616 255
1288 919 176
1203 1112 465
99 1250 173
773 1151 68
414 1073 509
1298 53 404
693 583 22
608 1414 520
1509 1181 582
885 531 834
683 1399 949
558 652 609
1121 733 254
211 1469 374
855 849 926
537 1209 722
1218 1094 707
636 834 536
666 621 504
1121 79 61
17 279 206
159 518 708
994 518 69
563 840 916
895 558 518
494 1134 45
1159 1531 829
1057 911 283
980 222 870
612 558 630
458 504 80
691 229 347
889 228 320
1328 825 41
1139 1466 87
802 602 840
1322 1153 557
1458 332 16
12 632 998
557 365 218
836 1194 988
1450 543 192
965 358 992
780 713 913
943 354 283
121 561 278
750 347 191
137 1189 402
625 48 566
1415 566 89
1300 923 166
55 191 623
1239 181 18
1484 1321 398
449 439 558
1474 509 836
840 861 870
1139 1265 34
1500 152 153
621 1449 52
1456 574 342
1185 441 514
161 675 590
163 80 498
142 7 492
604 1496 422
581 768 410
1453 574 356
1186 1303 573
1167 608 995
562 1019 263
1417 416 771
1343 694 605
1075 592 208
1250 660 612
739 63 254
817 1129 791
144 89 704
1378 795 841
805 221 788
83 358 603
1193 855 941
622 251 701
1201 54 881
1464 1071 669
957 1367 229
300 416 533
1335 926 832
123 1091 847
1266 327 422
912 635 380
1065 314 496
813 1527 876
1045 1350 637
1107 42 290
852 484 802
995 619 801
389 401 812
150 190 170
1425 168 798
738 928 65
311 15 626
802 797 700
1441 477 734
496 687 709
219 642 851
828 910 36
1311 1001 403
65 29 117
1315 851 760
816 1372 309
406 413 28
1282 1107 846
1068 1281 281
1125 922 686
1467 1073 838
654 49 993
254 558 358
800 781 447
701 1253 558
562 458 445
54 589 653
1504 1327 64
960 1085 129
1191 306 82
460 243 885
1116 600 855
369 735 973
276 379 610
1527 450 728
1059 256 603
444 19 113
197 1480 917
1332 757 527
728 553 258
1441 1502 968
373 1152 640
878 1171 616
529 1248 516
812 196 884
59 171 922
576 58 970
212 234 506
907 801 102
796 866 980
606 399 856
182 1155 710
321 43 290
309 360 188
538 840 851
152 842 720
641 655 200
907 735 941
779 1247 802
264 1090 731
926 174 381
633 797 117
721 220 156
56 1274 290
1447 635 200
958 165 508
764 965 534
934 1492 810
1304 251 690
1320 825 581
19 428 967
849 363 381
1204 352 181
489 533 19
440 93 225
155 790 208
630 459 262
125 1086 58
1009 1067 370
201 1169 610
685 1445 534
316 257 881
906 350 895
1307 196 882
815 1441 618
1418 1152 312
415 1091 553
657 420 940
174 856 187
417 1134 594
1086 984 681
323 1342 831
559 138 296
1280 1252 617
49 1307 560
1380 474 350
674 1525 15
1403 852 730
482 246 225
988 325 554
147 1501 508
743 930 565
352 721 703
648 1327 408
1030 543 441
872 346 186
390 1469 426
23 187 756
1129 1018 108
96 1283 521
579 576 164
907 1310 426
1195 868 551
510 923 215
1533 713 938
849 359 645
369 14 217
361 1060 194
535 1210 637
6 870 342
369 508 818
1424 868 721
666 533 448
1231 944 18
480 460 428
1176 946 970
248 1485 363
348 198 368
1293 1161 702
1001 244 184
500 691 862
1409 350 343
1304 820 275
221 173 464
678 769 609
122 962 680
196 983 720
1038 571 800
163 1166 152
962 1117 149
625 78 306
323 806 363
1346 407 284
406 1372 53
814 668 942
1535 1436 44
1 558 587
1300 377 891
500 238 803
686 769 950
527 1097 609
1523 476 563
245 1335 147
629 171 661
1259 1138 568
487 291 791
283 112 223
925 1204 356
562 271 363
1434 394 668
917 372 968
1187 1264 931
126 86 768
849 44 469
1427 1404 99
999 6 700
882 727 843
290 879 889
26 1092 237
503 163 313
219 685 942
726 646 221
506 450 981
128 1234 980
1274 842 750
1383 536 761
485 392 431
1497 879 652
1508 1510 9
544 518 896
674 446 244
820 1474 664
530 141 771
341 83 318
359 1477 504
874 817 171
510 1482 535
198 1317 35
1101 627 564
1130 789 475
746 764 66
1437 1008 382
229 496 155
325 1206 742
205 315 860
1032 1467 32
239 1330 313
1249 1370 147
336 1263 791
124 130 686
819 1314 5
832 1152 474
1531 1014 849
1168 963 82
624 851 111
1396 1075 600
374 119 638
1402 540 767
634 1123 382
1066 386 26
1522 1104 974
561 538 144
360 1017 265
216 276 276
1198 800 661
807 22 524
1267 1122 22
909 1504 598
1181 1274 569
425 320 464
482 977 528
1371 1026 99
1070 432 814
1246 1478 153
425 1337 929
875 433 454
44 1216 797
98 1046 52
26 209 607
166 597 11
1484 997 611
645 328 524
1340 1069 116
1028 1469 182
462 580 253
43 1183 703
1343 1532 774
379 1399 315
707 57 960
74 1078 286
153 362 798
909 576 162
117 966 782
258 192 567
51 283 917
374 418 278
109 1440 69
613 113 473
963 1482 929
504 1446 538
918 734 81
1229 1281 444
70 644 421
718 166 200
776 327 378
1243 1239 2
1166 653 535
178 1357 174
487 1087 320
1306 842 141
1023 1238 844
19 674 406
626 597 257
824 1035 159
864 1312 933
1118 1094 25
32 1396 157
229 1448 504
1492 186 422
1008 711 89
749 428 280
595 306 528
1007 730 4
1182 21 369
955 1189 382
1105 262 490
749 673 444
745 1049 730
1500 936 325
524 688 504
518 696 668
457 1389 684
949 1105 244
108 1012 401
997 651 785
1309 46 421
1157 989 73
1296 751 372
64 807 456
1204 1270 170
843 276 0
238 356 504
906 956 409
515 494 481
1229 732 175
146 793 402
203 441 270
620 519 336
190 866 693
1529 872 626
409 647 433
560 81 477
1024 493 410
1041 986 858
1063 749 436
1017 877 210
527 1352 826
473 1014 876
1411 7 563
1294 293 731
903 724 755
1304 544 550
1510 1514 188
27 547 983
1476 1072 78
195 1445 37
1324 479 456
1188 454 312
432 1423 353
1271 1499 228
874 67 818
783 536 951
931 669 234
664 110 32
423 1024 548
340 996 544
618 1044 167
654 190 58
1195 434 817
586 1261 758
370 1001 458
1186 1132 487
1531 98 469
918 577 381
1031 534 435
1025 764 967
1262 992 298
1082 692 873
446 1036 461
853 157 576
1506 199 909
960 881 639
1017 704 226
1155 524 247
1423 538 125
523 690 511
1169 343 937
1038 927 131
133 1150 812
961 153 195
919 1143 37
15 1382 558
697 284 551
862 1055 392
1083 563 649
726 1140 249
322 1053 296
735 561 671
1237 155 407
1320 836 458
1066 713 787
18 226 800
1034 230 168
1054 1344 981
615 836 869
1407 706 931
1295 837 869
1183 355 844
1520 1007 33
1022 86 995
787 1357 220
130 518 52
500 1120 774
1245 425 424
960 1288 797
1356 1472 494
1326 6 43
179 8 545
1255 673 652
1161 879 15
605 612 979
1230 979 323
1348 691 601
1489 1372 53
729 239 708
317 1143 170
95 821 346
1122 900 999
1351 143 145
1411 128 490
1434 1292 514
1117 249 535
116 184 416
481 1491 137
1106 1077 866
423 623 6
71 1067 374
1351 513 580
293 149 389
102 987 525
1240 854 719
991 703 612
1114 871 938
797 1342 980
1447 1099 658
574 634 964
870 329 306
620 649 769
239 1128 258
816 784 640
403 747 393
112 1185 718
289 907 208
551 673 853
452 1118 640
955 1418 310
628 1273 836
1096 652 704
1372 1277 904
1529 936 814
1186 979 91
1050 1150 685
69 3 107
1064 933 846
316 1491 108
940 574 500
1457 1253 363
134 520 736
531 51 754
1065 132 138
1314 1368 282
1329 181 459
1104 302 955
1115 782 887
181 804 920
1362 906 125
6 1390 450
1168 637 984
285 1308 857
946 81 365
1533 797 295
1205 241 592
785 1156 799
1217 850 275
1522 1103 730
1071 1067 250
404 584 721
955 125 705
1140 1157 155
970 838 885
744 592 799
749 1338 943
100 851 681
982 1052 561
1052 248 86
1310 728 459
529 554 374
1113 1082 126
311 1188 164
1041 406 215
1527 1336 899
1383 391 85
1032 376 720
560 89 556
283 1395 861
406 1152 414
403 301 504
1356 243 44
1293 957 395
1174 1040 26
546 774 151
1159 277 317
1409 298 643
485 1303 658
1518 1514 265
858 985 105
1426 1125 616
936 1410 596
1137 1172 582
955 1014 658
157 1081 739
1437 777 534
594 494 360
351 136 738
703 1332 91
565 402 915
1523 900 298
550 131 536
243 623 203
454 1321 43
674 1052 119
412 1213 966
723 1393 862
998 1441 312
1123 1130 555
1444 669 360
1522 1338 937
220 1491 972
95 489 537
1080 364 78
730 99 190
824 633 975
1011 462 904
596 63 898
1456 619 544
1419 687 869
1119 31 124
1529 134 197
1129 533 856
1080 14 156
1297 232 974
1366 316 235
688 757 595
881 109 611
1174 1429 400
265 1203 215
1375 19 230
1350 829 103
37 99 713
396 259 344
414 1455 879
1504 136 936
464 1016 424
435 1303 779
932 1067 617
467 398 409
847 1307 759
602 604 594
272 1038 139
153 261 740
1395 134 671
804 1296 889
748 301 94
803 756 36
1068 735 323
1126 299 433
326 236 130
1171 564 429
832 1230 490
43 1013 388
627 1451 852
268 1418 855
913 304 374
89 555 161
1513 325 38
1202 620 385
273 881 387
1529 215 498
192 186 315
694 1367 97
333 1 742
1436 1203 464
974 245 694
657 1490 223
1179 1253 643
225 66 168
869 688 734
858 10 722
489 629 409
1308 1139 206
1203 380 576
313 529 731
300 558 165
282 507 384
188 485 144
771 1213 877
618 421 905
520 1334 109
255 1211 53
1000 546 319
876 1443 481
889 1218 555
939 884 249
1360 948 657
1036 856 249
142 161 103
900 1461 18
1228 1028 467
798 432 813
1081 1040 831
351 503 161
48 29 236
6 201 309
675 496 300
1343 1359 84
966 643 958
735 398 540
436 1496 179
787 1103 514
677 465 135
332 870 700
184 958 850
789 272 922
297 756 268
1509 1037 377
295 585 614
456 90 40
899 1296 302
71 1420 384
1158 1468 387
406 994 646
120 758 526
960 587 155
370 905 237
525 442 795
1071 71 14
1181 1356 843
964 1144 467
701 720 947
300 1073 629
539 123 209
982 1402 322
951 1174 18
353 1484 221
1262 809 699
1259 1302 399
428 1479 358
876 24 353
121 672 638
694 375 974
1449 1105 144
1507 414 318
1172 1240 469
506 281 871
115 1110 975
211 1449 875
507 336 958
1111 22 737
396 597 850
848 297 579
864 0 436
1325 537 582
969 622 463
814 1323 663
791 626 13
1440 230 229
917 716 229
214 766 577
354 248 73
1476 908 486
719 1315 163
1340 1006 372
865 0 597
1244 49 304
1093 1377 331
501 1182 624
673 908 931
1219 1153 389
211 362 894
877 525 74
325 710 591
115 186 487
547 516 789
318 1071 265
733 1465 119
940 350 476
265 1242 810
1188 45 652
458 290 983
437 895 380
898 1444 297
789 579 615
850 109 967
1351 936 59
82 107 630
246 1341 125
1103 1475 723
913 1398 881
1088 755 468
1136 919 591
630 1096 582
604 1467 822
760 314 687
617 1079 827
79 619 187
342 1362 427
1412 294 399
1431 720 913
1465 94 489
628 140 540
1134 836 642
950 1500 175
799 685 993
377 317 392
382 179 5
226 1086 853
323 1267 167
156 364 763
787 1063 431
264 635 595
1453 176 481
79 1182 650
809 530 402
895 924 735
1464 575 776
34 454 765
1007 485 622
188 1449 340
1089 491 33
719 1492 115
522 125 35
554 1484 196
1014 1320 951
1367 1247 231
626 417 252
1055 9 102
575 999 57
849 503 488
1008 688 651
499 670 404
723 11 282
76 1427 413
59 608 269
1076 1284 435
1506 257 474
594 669 127
181 938 971
1276 1160 910
738 1396 615
917 29 808
1229 970 82
108 143 405
513 1318 665
1327 1425 681
506 363 168
1337 622 471
1070 226 296
266 1487 193
858 1255 795
876 747 504
1484 661 283
230 1180 937
1262 436 920
1327 346 60
1020 900 727
641 212 604
1147 1252 789
1483 95 554
1166 161 945
1241 1342 227
1030 1227 123
694 580 852
1164 1279 81
662 1012 150
500 460 723
209 254 339
1387 621 340
1420 628 543
1220 1077 572
440 1482 296
1239 39 286
1380 78 976
627 1359 287
1338 102 53
1314 943 801
866 627 164
371 891 512
240 1526 195
592 962 149
329 286 754
336 895 761
1522 382 941
458 366 213
356 618 294
232 743 85
1196 1534 683
166 841 427
1447 887 34
589 1422 734
727 565 329
663 708 912
1018 1090 617
1089 68 842
908 509 86
895 1446 715
414 1033 771
342 1170 97
379 840 225
405 1437 981
1456 96 532
168 1441 588
1345 1214 278
1085 503 989
212 1243 214
65 578 75
479 1019 728
363 1399 422
1524 352 703
272 527 590
335 1393 766
955 587 3
1069 272 453
653 1463 397
1338 478 528
792 33 19
467 1498 790
1525 607 406
461 370 28
15 1121 710
660 676 540
1317 44 379
689 648 9
1463 637 306
1216 31 772
798 1510 885
32 7 798
1096 1132 499
433 559 175
29 447 545
28 350 667
1086 1342 231
333 507 121
349 825 566
1476 545 789
559 466 827
1201 159 879
1138 558 408
1224 1355 832
825 939 652
496 1140 62
76 1266 773
259 25 966
521 1513 413
1282 1281 862
461 412 401
1072 135 980
658 603 112
960 1416 572
1040 618 968
956 371 252
1106 697 412
788 55 287
1087 842 208
707 1107 222
842 1015 163
310 1009 593
1304 637 928
1055 669 96
387 1469 86
1305 705 167
5 607 273
162 186 261
319 1532 959
238 1251 948
478 1098 31
876 1199 273
459 163 33
967 631 191
324 161 452
607 1105 827
743 887 703
611 459 509
1187 1008 618
1208 299 701
216 1032 95
786 1100 40
460 825 251
448 1526 38
787 967 74
1207 17 478
1333 1363 79
936 1469 799
1422 61 514
755 11 182
727 372 873
122 147 130
684 351 511
361 1237 549
172 726 63
820 506 271
972 518 831
37 1052 342
1226 893 348
1272 1243 457
119 130 281
1310 179 312
295 31 851
614 804 358
1068 1366 781
1250 1343 33
241 1317 618
1298 1289 660
723 518 587
1114 386 56
402 214 833
281 483 704
1475 20 413
427 1102 279
1350 668 294
214 167 88
375 530 195
580 1039 479
353 1382 239
187 11 721
988 1242 667
1022 1021 950
1065 1333 451
323 67 419
312 225 994
1381 485 962
84 955 869
1292 604 792
959 433 874
798 668 593
552 1062 806
1289 1338 165
448 893 385
1130 264 977
564 3 461
1245 571 472
623 1238 642
719 1490 329
439 838 462
843 368 392
855 1157 364
734 947 275
1172 879 293
722 893 242
614 889 949
536 610 865
1271 975 182
606 789 280
1180 1256 89
1522 544 907
656 240 643
33 539 197
1369 1146 547
512 1001 714
881 282 40
137 608 556
1099 679 216
822 575 910
1167 1018 398
338 1533 103
505 1323 276
1106 156 419
986 870 235
707 341 220
1271 1432 762
350 892 131
2 325 434
254 1202 282
942 529 413
89 269 597
1488 146 645
376 386 226
1231 543 845
254 1148 586
1317 1415 243
1168 820 561
93 931 504
421 485 823
922 223 151
836 1468 370
860 1524 182
846 735 926
1212 1084 583
1287 1448 80
1058 266 415
197 1450 815
491 943 646
1463 997 922
320 1248 348
232 254 675
982 1119 824
947 282 296
1301 1248 976
12 121 857
1438 1097 775
529 168 146
1527 896 346
1157 1453 794
1421 302 494
1268 836 137
775 1010 729
589 459 238
1401 147 569
516 1337 270
920 512 820
452 1016 897
194 747 711
1279 1094 559
324 1023 508
1439 51 695
1517 1495 510
117 1304 296
148 738 55
1508 744 316
1507 918 921
153 621 190
1105 119 371
538 1309 784
211 384 160
571 462 87
1396 1462 348
646 1342 999
168 1460 477
1498 1007 239
430 1340 107
1176 143 679
1326 987 822
1246 685 212
669 992 572
109 309 809
1488 1292 916
1260 1196 625
405 357 211
374 1258 426
750 215 88
346 659 888
1038 342 859
62 579 180
1254 357 52
714 1518 497
695 1527 780
337 1192 829
1194 709 877
219 934 72
287 1375 240
832 1240 729
1025 330 27
1026 40 99
1028 683 593
458 541 146
1380 281 698
383 280 369
1091 341 362
1053 539 941
894 199 961
884 1208 279
610 1196 888
578 313 96
1096 295 445
792 227 757
709 869 531
1440 434 862
455 1066 929
785 935 374
116 854 398
672 1348 797
107 744 348
1000 908 821
141 331 648
886 1402 399
782 195 655
1182 359 715
1107 1272 341
1031 159 508
1167 435 26
867 482 525
986 279 213
1262 329 145
1297 421 634
1135 147 187
342 1427 96
1441 136 897
220 773 321
241 1214 364
264 1002 819
441 178 944
1238 99 233
1068 433 461
461 922 355
855 1236 736
678 826 39
170 707 945
586 698 757
683 703 612
622 468 721
912 1266 787
704 1201 398
663 1461 306
44 82 539
536 31 616
1392 1291 597
632 439 670
1205 209 828
806 1518 600
947 623 770
781 373 553
86 174 304
762 583 115
929 1461 274
1145 217 96
783 1266 449
1291 875 257
1123 1308 993
875 55 880
117 977 639
508 957 810
288 929 820
358 1053 110
811 1365 657
1455 1302 909
1161 1139 729
546 1468 772
5 1312 160
384 459 85
778 652 92
26 1528 799
1218 855 855
660 1351 670
917 610 496
551 1306 86
621 163 240
88 1096 829
1300 1475 743
1106 280 69
1368 345 142
270 1216 518
1139 1478 775
432 1157 751
700 450 658
650 849 551
1359 1253 139
366 1058 794
504 1405 141
259 108 242
328 1328 346
245 777 771
876 9 106
523 784 145
999 677 615
815 378 666
1274 103 309
425 803 667
1331 420 189
752 588 136
33 1509 244
902 1399 539
222 902 901
120 1274 748
447 1534 720
1098 1379 617
1039 853 655
1053 1103 924
874 869 615
787 515 408
1492 670 58
14 1463 432
1138 41 426
1284 1303 631
47 106 145
1339 300 707
125 763 7
1280 1405 884
449 1108 419
1369 962 27
967 915 90
386 850 114
543 1469 335
522 216 735
253 569 357
1164 1459 972
1208 803 817
289 1508 999
1214 104 960
1477 19 522
616 1431 956
523 225 71
694 149 39
679 322 745
421 85 956
594 351 445
608 789 311
734 1026 520
1355 1142 208
1348 560 577
862 37 917
693 846 270
1038 201 858
185 1458 748
895 268 636
1457 48 40
1155 456 428
250 710 280
85 100 272
1353 326 350
467 1454 464
1478 596 663
633 383 747
436 473 829
1286 174 370
1142 897 208
612 236 308
1258 675 280
1264 1350 678
1352 1143 891
1268 33 87
1455 1060 528
707 1210 185
449 1495 69
1408 1083 149
1233 1192 171
313 421 125
52 197 7
417 1513 530
635 480 25
100 1201 806
1129 1432 521
135 111 68
937 546 226
1051 367 627
1375 804 131
508 975 895
1476 327 404
267 1354 882
1082 686 387
1280 1034 866
591 296 633
1121 670 972
576 629 218
1033 397 357
199 957 886
536 494 826
1030 735 537
221 1199 235
657 731 631
1515 1339 873
944 591 9
1047 95 78
788 912 799
224 887 744
606 905 311
1083 484 827
1007 1318 787
374 545 868
682 711 902
127 964 570
845 441 798
629 754 429
86 355 182
1311 463 266
605 637 400
90 445 881
1292 554 322
1380 60 712
1510 920 697
868 94 106
582 1090 744
1338 1017 802
1280 928 98
70 1233 437
1108 191 680
627 9 916
997 698 867
881 363 232
644 1232 863
932 1038 142
237 856 991
1284 813 416
1125 136 493
163 1519 408
928 149 124
347 60 526
1068 1108 81
1187 156 171
1517 567 431
58 629 53
576 257 558
501 1013 422
898 584 221
1180 37 714
1497 111 799
356 976 826
316 602 885
805 735 799
203 734 77
307 1057 362
1222 1119 977
809 1134 797
106 731 617
446 61 707
1094 1321 812
94 1522 709
1422 976 45
436 1344 507
570 1164 582
813 1295 282
1470 301 501
1525 405 57
873 277 523
408 1353 830
1394 1087 266
789 1436 18
766 365 794
208 883 46
889 1171 926
1140 878 931
183 1367 971
863 334 876
897 271 491
1279 453 568
835 75 607
501 311 352
1469 918 974
400 1023 176
178 1462 404
217 512 195
938 350 305
742 1354 747
1294 1239 297
1013 744 273
498 1496 285
842 226 529
271 64 708
903 1454 577
378 66 574
1479 381 751
243 1262 963
360 200 44
1408 1493 751
780 464 785
883 782 784
1283 1466 230
740 654 326
488 563 600
1242 85 543
1500 394 341
656 1188 259
1385 872 174
57 515 769
193 1368 989
251 653 354
1178 1153 389
190 637 19
410 1298 500
719 437 991
1504 1512 392
1323 1164 753
465 76 712
691 964 800
1529 897 412
1386 1086 741
358 1335 641
1067 659 270
664 1523 736
1093 864 884
667 1456 581
932 1203 589
680 268 164
827 926 104
1086 641 640
404 162 787
1060 1354 769
630 576 889
672 685 894
711 659 516
408 638 845
226 1417 405
281 236 38
1469 737 347
832 404 96
607 950 199
62 318 843
823 280 613
449 886 360
543 921 68
680 163 441
986 423 703
656 791 398
275 1241 952
618 1265 841
242 46 504
486 148 812
647 975 184
280 710 18
1120 104 864
102 893 204
726 1286 346
630 1445 893
1431 1470 463
596 1082 37
1087 598 383
460 38 93
968 1393 442
1147 144 468
990 934 906
1484 1101 376
807 873 632
162 331 606
1215 325 337
805 1028 485
845 1446 283
1459 255 294
278 1517 616
1456 428 244
196 1098 97
369 1008 175
401 92 85
1084 1238 555
1450 73 946
476 280 359
726 664 822
256 280 339
1397 695 283
44 1102 909
1296 197 488
1189 771 55
477 693 728
1390 908 601
1452 940 529
1526 1337 269
224 1535 737
1223 337 287
811 723 510
557 418 956
1000 29 555
331 558 200
279 1085 447
994 1223 954
1039 1068 494
1410 358 198
544 453 166
667 832 999
395 336 806
639 693 450
584 547 512
1267 1359 762
1069 1473 171
677 313 83
321 387 699
369 664 951
267 631 51
512 886 861
224 965 678
1006 1007 347
326 891 15
68 1148 132
434 1117 463
1450 1369 101
1519 212 490
109 1067 628
1461 465 854
1012 22 177
779 1043 421
508 672 598
1322 210 647
1405 739 843
958 643 88
1490 176 489
909 1280 21
64 582 726
396 1016 218
690 1433 490
174 325 538
535 267 760
195 59 865
352 449 858
994 1493 596
1509 723 602
1533 792 829
1114 159 627
346 456 770
355 211 640
202 268 774
824 958 518
1437 93 636
1426 1186 259
371 663 710
428 232 380
1305 468 978
1476 819 487
1505 34 521
32 360 415
1500 1006 291
1359 491 997
932 660 496
495 112 813
872 13 286
984 1492 854
792 1151 749
1354 1186 121
1196 747 231
64 1271 97
426 1514 696
689 178 670
1048 513 543
53 464 994
1345 1219 400
530 305 520
464 1150 47
96 739 145
193 1003 316
907 365 585
521 488 437
1326 116 491
434 1254 321
447 1404 301
377 603 557
1093 604 360
773 549 774
480 352 211
1008 612 76
654 1535 393
767 1530 842
321 845 712
780 642 790
225 610 45
566 544 183
1180 783 105
1298 1089 377
1370 609 832
449 1516 735
240 143 477
1505 251 201
318 262 807
629 796 276
1528 1404 150
1031 1076 50
913 1021 755
850 323 437
1105 527 34
1534 410 941
64 44 529
773 470 421
1332 751 202
889 159 882
494 616 19
1167 734 301
467 572 774
736 443 132
614 586 558
1291 579 121
602 1455 834
740 330 587
932 296 376
149 441 384
652 1511 874
563 1030 659
391 295 316
591 1362 516
0 200 798
852 1322 842
543 1142 589
389 1191 921
0 1284 970
1174 1067 327
151 158 100
1017 684 410
1285 1220 205
1066 28 663
712 1533 519
1345 536 711
985 872 403
89 1190 258
354 1369 863
853 1142 994
1106 114 505
471 1193 731
192 409 901
1069 979 808
942 905 101
1086 122 613
1103 919 713
144 268 21
153 418 408
1184 1474 449
162 26 47
496 187 200
191 834 233
1084 760 972
29 999 352
889 709 885
23 487 263
1369 644 542
580 1023 306
49 652 592
1462 1165 531
56 1400 774
935 1003 36
577 1461 334
596 1364 288
43 499 786
117 572 249
859 925 472
614 583 632
715 285 763
930 1303 287
572 1381 337
480 1345 27
847 706 645
1214 757 379
1369 671 646
910 1264 911
0 660 444
92 880 884
159 155 388
1046 772 263
1488 264 939
292 576 195
91 157 69
1385 66 451
467 815 286
78 531 9
792 1100 4
696 753 54
10 121 403
1256 122 608
374 824 78
437 316 747
989 497 890
283 570 242
851 781 271
1018 994 350
1527 462 691
294 197 714
1071 700 340
1466 515 961
123 99 420
1041 1516 87
1089 1396 314
1192 780 356
1445 1380 174
358 1124 102
30 946 101
1021 838 16
3 590 907
768 989 221
783 636 519
417 772 210
88 1005 878
264 199 338
1526 180 530
618 111 428
276 767 655
7 938 42
1252 1167 211
1416 1016 742
890 1535 850
285 553 974
322 1324 756
266 353 147
1110 1029 395
87 1436 632
1186 73 173
897 880 656
610 720 552
1318 848 692
42 1048 886
1227 570 879
61 494 371
244 612 634
677 825 45
1011 15 10
16 1275 291
474 1353 17
302 713 704
1084 272 379
710 1294 678
372 1247 758
641 1184 488
1349 338 103
237 1338 701
989 1327 34
231 1440 649
591 950 882
310 57 236
703 1489 594
198 1072 881
162 847 878
142 1323 372
650 996 47
460 1232 683
278 886 948
480 900 879
973 1452 503
1214 1231 703
1206 118 885
369 1036 40
1194 1493 828
489 288 410
647 215 250
1503 1289 84
1132 1098 665
1069 850 245
111 850 318
189 896 249
315 185 508
169 167 83
825 344 381
1238 416 33
1016 173 509
270 324 91
957 70 197
517 72 308
1067 1360 773
140 1422 560
1317 305 923
1206 423 240
545 197 739
859 1437 185
1106 851 33
772 266 45
795 294 240
239 1233 9
614 1304 875
375 956 657
937 1320 442
708 907 163
612 975 0
1376 270 29
29 592 111
970 255 362
1018 1528 740
731 1406 138
292 1241 792
1141 813 444
359 1070 75
106 253 548
1143 301 813
363 246 435
127 186 339
561 593 858
439 772 848
723 1107 951
1236 1468 480
218 1441 615
350 1061 425
63 169 785
759 510 514
527 23 776
986 191 866
318 321 247
229 607 268
150 168 529
700 364 156
136 1499 664
1414 1505 122
533 1016 454
1046 1226 919
1487 873 309
855 1112 237
107 1378 340
1515 190 647
38 226 436
47 952 563
176 284 571
1480 335 946
793 1077 681
39 2 415
1489 895 465
120 803 159
1106 1381 761
411 978 559
1235 1388 707
1501 1441 409
491 443 853
1110 400 884
170 466 898
1250 171 34
860 286 521
1491 1336 323
445 85 215
405 1534 346
1290 903 160
678 1233 858
258 1297 301
857 49 336
1139 665 142
1281 1391 550
184 1413 586
833 1360 928
762 854 416
603 1261 577
718 659 578
128 795 210
1372 1524 282
52 51 977
215 1452 609
261 742 900
438 1493 549
508 1064 67
431 785 722
556 278 631
1080 414 140
537 1340 662
1206 317 384
1431 1086 349
1137 871 763
1040 1437 427
687 871 393
35 1501 466
1344 1305 285
963 1020 362
1085 811 602
255 189 497
862 1245 255
993 1282 224
514 849 420
1246 242 534
651 1464 549
357 861 908
92 429 641
341 884 242
1379 572 816
61 618 448
1221 1070 810
1096 865 836
966 866 929
275 1414 28
1230 1276 632
903 731 498
1510 891 926
48 508 565
1216 1473 13
126 899 103
1017 333 759
901 917 149
985 1040 879
17 1176 288
1155 835 93
1484 447 316
1062 747 896
141 183 463
327 196 879
212 868 427
10 1383 781
1475 312 281
1235 1454 593
1251 337 897
851 115 825
312 1322 756
1197 995 642
1340 839 702
508 958 566
639 499 880
549 1288 578
456 1450 469
139 447 264
943 1422 207
449 87 549
473 1483 982
1041 1239 901
505 1130 440
839 146 543
18 732 697
448 921 797
602 741 389
626 1055 486
874 887 686
53 50 482
1142 619 45
573 827 966
1368 980 881
1100 747 932
908 54 837
1229 1102 436
274 654 314
417 1492 788
398 427 303
1030 1125 521
1526 24 522
177 1412 762
81 597 101
1205 967 305
1299 713 34
148 1284 846
234 905 536
1117 167 953
456 1417 669
1118 722 640
290 1438 41
936 0 442
913 1312 357
26 777 396
775 1232 665
1396 134 541
1259 1058 362
1387 1190 710
1195 953 989
127 448 268
1366 896 703
968 1006 45
498 883 937
441 827 818
128 1462 958
91 500 439
1165 1365 646
301 481 312
649 660 315
893 319 682
523 81 543
404 880 636
872 1460 598
1496 1424 138
22 496 382
126 1039 358
373 896 962
801 1225 252
1219 754 52
805 3 673
1289 1253 443
633 242 14
1291 396 605
984 1416 316
329 1439 587
1128 350 0
350 839 699
1033 1219 859
9 810 389
125 756 308
95 122 569
252 475 375
723 587 346
654 1424 181
1458 1388 809
1301 1327 806
270 833 576
1424 143 455
250 1297 8
1476 426 646
324 148 83
538 1138 460
1255 1383 85
23 826 164
1413 1152 610
1155 931 605
627 374 777
1509 1384 405
1264 774 724
1182 603 221
54 745 25
411 1034 311
600 152 691
1303 941 358
471 340 944
173 1052 263
11 358 582
1140 931 575
426 267 832
674 1204 438
695 850 877
946 142 547
97 420 943
196 28 505
366 628 453
1153 356 654
1250 530 566
619 771 789
1232 1107 75
806 843 423
1088 1125 174
1518 980 116
848 937 348
1013 59 461
1485 1322 476
557 1071 400
663 730 602
624 200 40
1365 1123 204
1221 1149 10
14 761 522
1032 261 917
878 556 107
1241 934 894
128 894 883
117 1165 725
1010 755 644
642 743 310
1252 144 737
444 931 538
1174 1370 28
220 1479 553
65 1524 135
454 898 824
413 436 658
692 560 223
690 152 826
416 439 956
1197 288 863
985 1187 939
401 198 890
91 1202 259
1483 78 764
262 651 365
697 1263 491
1417 1381 338
618 1492 194
113 187 481
236 795 137
1370 1036 685
678 564 667
1276 1531 969
1372 244 370
89 20 103
1175 374 909
1021 965 419
589 117 221
719 286 326
968 612 31
948 278 855
1248 826 775
444 811 640
207 367 317
81 1383 480
1011 108 270
372 986 989
1279 805 367
424 451 558
1069 337 119
996 724 482
576 596 518
378 507 757
286 630 953
106 338 823
775 967 455
1129 1532 276
1419 899 372
1363 189 687
1130 930 329
1407 330 430
1231 418 595
252 635 474
84 613 728
99 142 205
870 147 78
1168 210 520
990 386 540
34 337 249
652 87 517
610 750 868
454 1444 533
159 980 612
779 894 886
494 1029 67
1280 1158 605
1183 256 480
794 1047 431
378 1443 576
882 627 936
635 128 792
1385 829 302
1355 1288 485
198 1384 201
362 759 710
322 1345 869
1166 1461 720
865 1484 522
370 1107 615
465 127 307
1486 782 183
376 720 493
500 584 864
653 201 966
788 1313 458
585 624 913
1241 224 116
1207 882 60
423 1165 956
878 270 629
613 312 76
1032 0 576
1384 903 29
1110 1198 416
1438 1102 267
624 890 257
977 511 672
982 474 466
353 1534 108
769 593 645
1170 232 700
996 539 691
522 532 554
1011 1270 109
1489 157 625
364 1050 794
1477 899 507
457 1281 170
1029 615 337
67 346 601
382 443 168
409 257 957
374 804 327
320 1434 780
106 545 677
625 237 323
348 778 377
626 1492 281
568 416 128
477 1325 703
1178 145 230
885 1236 513
480 613 937
909 590 985
542 630 237
1509 894 182
782 1456 582
28 1352 148
1246 228 18
1532 1192 270
1075 461 609
757 118 69
377 439 117
832 665 804
304 1066 95
1367 282 823
1393 481 409
349 36 613
680 395 471
639 914 11
9 1526 917
794 364 376
1001 97 668
1261 548 468
712 459 155
367 1084 48
895 321 408
711 617 344
1425 321 747
700 522 468
93 1400 175
1378 865 74
101 40 227
540 1425 503
1456 963 252
1512 27 253
1215 327 294
224 529 490
843 805 802
1307 774 899
1171 641 950
1055 557 773
177 473 170
64 481 483
747 1050 71
1138 1127 997
202 1135 37
1312 580 799
551 799 530
454 323 832
557 251 439
305 210 933
1496 1260 282
851 1278 820
1038 112 568
986 772 773
63 1488 743
433 1266 678
1485 532 910
1499 922 321
1391 211 900
1297 656 127
1316 1300 675
467 1448 499
517 160 967
913 1025 778
754 1088 231
483 67 687
393 1414 21
1457 98 744
176 1497 923
121 207 753
108 673 40
234 931 109
631 398 76
560 495 785
1445 30 479
102 4 36
1460 1166 895
1243 272 875
496 676 919
979 1331 933
1138 1471 38
425 667 299
172 982 467
1112 269 192
331 533 998
619 1213 381
600 510 142
945 1016 722
1010 1286 842
1017 220 689
178 1228 433
1375 225 309
104 801 265
443 928 349
118 836 765
512 736 525
705 199 297
76 931 284
1207 1215 511
197 622 213
1434 249 605
1345 704 44
996 784 683
266 583 984
290 1112 961
16 508 502
609 1487 15
8 1513 540
202 1076 313
532 1051 318
1223 187 573
1198 1456 673
402 964 376
438 1225 930
1474 1344 420
407 660 480
249 1403 883
174 619 894
1422 289 348
1308 393 96
1161 1155 513
878 138 341
790 568 253
912 1146 658
518 1099 613
936 228 172
178 1377 98
1428 746 445
1081 579 155
1519 791 176
1156 637 327
1161 560 988
613 945 548
129 1267 543
1143 410 948
299 1365 419
588 419 912
1325 1379 580
475 824 245
1093 1172 993
231 268 190
1111 511 740
1192 432 392
390 630 944
937 1268 946
801 1337 509
598 950 266
1146 1168 825
1143 207 418
173 299 213
1118 1029 999
413 1507 523
47 1271 14
133 769 224
1111 1058 35
1426 214 491
473 317 275
548 784 35
1464 577 962
634 1243 822
118 930 667
1430 1403 734
814 589 265
1383 1444 297
364 812 860
323 1413 46
930 1036 71
1016 9 210
1427 220 882
1234 897 792
1233 1127 428
1031 129 248
1256 1219 52
1328 346 240
400 463 676
901 321 566
723 1340 215
440 1479 737
1444 1475 623
623 1020 270
1311 573 577
1141 23 759
322 887 321
1249 320 593
1406 1230 717
907 669 967
561 1432 689
336 1394 91
958 164 711
1468 960 448
1153 306 104
1245 879 443
1172 975 652
1039 938 235
751 955 537
1485 711 9
268 663 297
660 1171 197
1248 1073 183
541 1439 169
658 1389 981
1099 433 893
1534 870 296
571 1066 700
424 261 533
42 711 584
1402 357 100
983 973 798
813 1160 915
326 79 833
1256 1525 497
1248 469 443
78 1520 571
1041 1101 782
185 578 590
659 477 140
276 1141 51
715 1465 885
1120 1444 874
181 1481 190
913 1323 325
764 1169 494
1035 383 233
234 353 329
432 950 611
1061 1153 234
516 594 91
37 916 22
928 797 439
1407 56 64
1453 469 857
583 339 147
229 1219 709
740 1361 31
30 1090 749
461 14 425
516 1405 646
1235 1250 607
611 188 237
1449 469 838
209 197 723
407 172 490
861 214 219
827 790 380
863 532 636
911 744 648
1340 1330 844
608 1527 688
395 1110 875
1168 178 215
159 850 475
943 856 664
301 895 257
112 285 65
1362 1141 857
1228 367 997
741 67 147
165 1244 335
1194 928 244
733 520 319
1414 491 681
1298 1168 843
1414 196 529
1314 608 429
553 74 181
490 954 99
1516 263 55
425 1190 820
216 471 347
1205 71 233
70 547 18
39 1303 400
989 395 712
1211 1487 761
754 1177 922
1211 1366 847
726 743 89
772 648 9
276 1445 523
1480 1219 737
734 1298 777
1508 721 668
1456 910 569
409 110 279
1099 422 3
1282 245 248
351 835 672
595 64 830
98 1233 89
918 1535 795
815 1214 896
1054 477 143
556 109 487
1463 1010 550
203 818 897
1028 291 560
879 705 623
75 1053 606
1472 1499 307
1136 472 799
448 224 268
1426 914 336
483 360 68
333 1128 548
1470 677 731
1112 445 718
215 527 579
1473 468 682
609 81 252
445 793 980
691 565 97
1421 687 377
1145 971 855
426 6 161
968 1473 415
1035 1355 171
1084 890 114
987 446 780
905 4 993
715 761 393
255 712 167
1420 366 36
140 79 769
1491 630 682
269 61 267
457 873 858
1461 281 649
1401 1385 544
1436 318 986
1118 128 558
122 979 488
1000 785 382
740 873 790
352 374 348
1098 1363 549
564 516 434
1106 1432 103
350 1176 90
1295 737 289
1315 282 171
739 631 564
1071 369 728
219 1514 237
898 881 7
916 202 712
1121 1186 539
168 582 604
551 915 581
509 839 761
836 472 183
63 1328 300
401 955 481
261 532 811
921 991 81
323 714 462
1313 828 713
441 1510 482
739 1245 869
1358 594 133
1021 1290 195
574 1215 612
1360 161 297
321 749 178
1417 859 465
238 74 973
75 801 870
419 1302 661
1417 1134 59
390 1501 461
938 779 863
1063 684 303
990 117 791
1157 1043 13
375 1146 385
89 414 508
482 661 400
1177 12 39
613 1490 895
346 827 206
875 1298 912
59 74 124
729 687 111
206 546 605
354 145 427
866 818 735
1178 1279 933
223 1227 586
7 1150 745
1373 804 39
287 568 956
867 184 849
1226 1172 519
706 1088 971
636 171 371
33 1092 750
463 899 932
394 959 302
753 255 763
570 782 201
1286 692 699
839 1266 563
791 962 483
683 266 195
237 1328 474
373 482 514
688 1314 956
1527 1069 938
235 423 62
501 1420 377
1041 1218 415
1258 187 944
339 1429 312
417 448 62
54 1455 536
641 1079 142
250 904 641
258 669 97
363 1145 678
237 238 544
638 645 182
1316 947 48
667 1383 578
1471 552 907
797 657 551
146 1214 810
1343 715 920
294 1268 25
310 84 698
101 516 589
1517 380 654
92 919 628
616 1503 343
896 594 852
898 362 360
1319 921 904
332 1175 143
1503 672 657
1269 596 868
131 116 850
1240 51 911
21 839 544
962 669 896
1126 1250 566
1370 1255 907
732 227 965
1272 580 69
1188 203 950
789 1196 193
207 722 620
232 1018 959
250 1487 558
132 927 43
59 847 495
882 86 163
558 638 484
562 910 120
795 821 261
245 812 740
603 26 453
60 666 223
1323 1364 886
987 1284 563
1107 781 691
875 254 281
540 1402 908
199 175 995
1062 1524 49
1528 502 939
494 777 444
356 764 950
1225 847 808
996 964 438
1379 824 490
980 143 310
216 1485 212
1276 213 187
664 752 683
698 986 138
644 825 679
623 1032 717
1462 1100 732
1516 1326 539
655 11 351
533 23 700
1485 948 721
960 1265 908
1148 405 387
837 1046 484
1482 1183 393
250 507 659
462 208 96
1370 1313 105
903 1005 684
343 516 695
622 459 97
459 284 463
265 1509 63
706 1084 912
1078 951 124
492 154 306
1487 985 807
793 1029 836
403 922 313
77 1511 534
589 347 154
162 965 421
845 918 254
438 297 701
1408 1315 69
791 989 660
363 734 478
452 426 347
163 391 30
1364 447 736
827 61 847
812 57 159
1287 670 153
417 293 912
630 842 841
1426 1207 313
521 1018 513
681 868 585
1417 1076 804
782 1206 162
806 9 917
766 1254 422
1270 45 915
835 324 852
1073 784 546
334 190 35
481 127 596
548 462 583
1453 1484 824
1326 605 269
1455 560 961
589 40 758
1341 1453 749
