500 0 499
173 106 208
365 327 94
249 459 137
191 146 575
326 477 466
122 237 927
184 258 319
23 140 565
29 319 643
40 50 423
314 221 575
195 460 921
167 460 954
390 199 583
353 355 247
278 227 347
121 264 635
62 427 550
39 384 756
199 76 990
425 448 293
406 15 456
363 128 28
91 17 620
36 196 360
84 245 665
348 360 423
227 167 13
374 154 767
332 198 818
394 18 385
406 192 681
459 329 886
170 163 35
122 379 438
290 200 901
375 2 336
146 346 279
397 196 26
82 166 42
309 140 128
157 258 206
321 127 498
294 488 688
476 267 361
485 120 108
180 158 299
60 434 241
386 6 941
101 164 904
314 410 935
316 296 353
447 30 622
460 353 351
477 205 662
100 18 211
22 188 997
83 206 383
112 13 120
247 257 55
419 456 493
363 2 648
206 192 684
66 405 320
2 380 586
1 346 325
241 229 573
373 381 809
144 28 180
301 330 321
275 99 833
55 120 262
156 367 938
222 62 837
56 14 999
278 15 568
424 87 589
47 411 543
351 123 212
99 15 595
210 498 43
163 151 221
67 272 424
101 249 937
149 328 420
379 298 711
82 455 771
285 416 793
210 30 508
381 346 659
241 157 327
85 364 297
305 329 414
398 250 234
387 171 497
455 13 279
181 60 369
489 384 152
232 410 769
230 338 384
72 32 146
135 461 82
110 84 114
364 121 527
471 170 510
431 233 353
159 334 839
386 388 631
474 176 3
75 60 179
497 467 676
204 374 235
40 161 610
109 319 857
276 358 909
437 25 442
138 234 298
287 496 115
410 131 183
176 331 80
27 121 964
466 115 232
277 255 464
130 267 727
308 428 742
430 366 83
477 135 972
467 178 732
13 112 679
99 173 192
109 248 262
412 415 693
80 66 839
253 269 300
17 122 304
107 349 520
57 172 352
362 62 595
71 307 944
374 112 518
324 173 173
361 213 156
179 229 760
94 444 975
180 229 645
170 252 7
88 324 778
128 450 335
405 155 204
125 311 751
344 249 421
214 67 53
233 213 855
373 151 219
179 101 760
416 251 236
327 387 130
233 357 919
45 490 489
191 387 689
413 397 472
203 176 121
463 1 601
459 259 173
172 142 190
373 81 117
133 239 718
201 172 884
50 89 844
340 109 178
346 77 854
290 379 20
397 439 337
249 388 158
200 317 20
255 451 465
215 228 754
339 461 501
391 334 634
187 448 748
22 277 95
371 354 192
53 12 363
42 356 876
4 439 706
82 139 536
243 402 538
226 35 652
24 373 301
51 187 443
175 327 159
84 120 233
270 307 256
419 218 970
143 77 232
399 403 317
88 67 828
338 325 578
119 354 669
311 449 239
406 493 919
41 348 754
8 387 855
224 303 236
158 57 790
405 318 34
320 253 733
437 203 404
402 474 275
28 285 281
180 25 576
177 426 976
362 357 642
65 25 660
153 351 367
487 53 126
369 0 970
419 483 366
62 266 429
180 416 157
416 467 808
93 390 71
272 360 134
153 243 302
215 176 974
0 296 826
336 126 322
259 264 409
259 2 850
370 430 231
499 454 281
380 406 671
318 248 83
396 158 474
428 306 196
372 343 154
330 367 414
415 487 950
358 149 581
24 371 783
137 480 7
387 108 82
198 192 901
483 329 29
314 496 466
93 498 543
47 191 716
47 369 724
29 366 569
255 404 18
201 261 927
470 56 771
142 284 575
322 256 476
1 50 242
430 496 127
388 317 426
460 367 844
271 137 349
458 427 196
40 247 888
484 158 277
38 176 819
157 211 267
197 76 760
340 484 762
69 472 598
182 57 792
198 410 488
250 329 355
18 480 166
386 351 941
35 194 78
279 6 378
324 290 402
218 64 471
247 438 784
317 204 847
63 301 542
327 302 636
31 468 974
83 154 53
107 411 723
284 175 343
3 432 583
63 365 927
83 403 645
108 62 345
413 124 808
336 42 810
487 113 653
497 433 732
419 246 416
465 92 264
197 370 184
37 88 126
48 474 32
359 402 718
67 219 639
308 236 656
475 175 896
67 353 843
277 24 462
54 50 441
208 273 821
140 370 542
2 79 689
247 32 203
99 197 14
341 497 139
332 434 73
401 321 905
161 153 877
471 90 977
316 166 757
63 318 235
360 143 458
387 178 131
414 145 476
109 445 958
35 129 227
358 323 530
2 339 223
224 138 452
484 160 520
104 165 875
236 37 939
216 476 764
17 150 378
327 416 186
398 215 869
451 429 167
73 172 66
253 134 851
298 324 591
240 324 128
150 341 39
7 142 625
268 272 88
10 304 158
451 188 202
166 439 989
199 258 593
376 263 208
41 274 451
263 364 764
52 36 618
111 380 396
495 346 318
342 450 470
321 285 594
379 348 197
281 26 248
87 320 367
419 270 998
130 117 616
326 3 282
354 399 867
218 437 618
306 325 418
494 411 824
381 393 147
466 475 995
318 88 569
448 355 658
245 424 974
310 160 630
301 36 77
419 13 705
178 356 711
391 329 938
263 197 58
55 480 486
180 266 618
443 373 25
397 234 468
138 95 780
342 0 17
71 13 860
288 102 214
48 263 709
9 69 353
336 71 853
437 41 216
132 285 922
151 406 229
261 499 430
488 70 931
311 345 595
350 220 772
84 294 711
80 362 276
483 250 486
453 390 276
295 139 574
35 344 218
156 34 741
494 99 194
233 171 799
447 152 76
342 306 919
465 41 852
445 40 316
41 358 100
263 475 744
33 216 37
237 471 814
286 403 953
205 428 571
470 221 637
126 480 506
449 367 541
269 52 277
371 372 987
288 323 767
271 175 787
438 50 229
9 57 888
14 169 420
426 442 3
177 393 112
297 443 617
97 252 511
388 471 108
246 371 249
359 407 368
113 372 569
303 165 126
20 279 701
492 156 973
111 350 716
207 50 943
91 232 722
60 40 891
155 200 485
120 248 154
138 202 283
151 320 280
480 289 15
396 461 60
397 237 152
82 479 817
457 14 712
97 352 204
381 201 469
386 57 261
397 333 166
114 349 607
231 419 676
0 249 352
43 267 153
238 377 119
75 349 277
359 433 462
10 232 512
296 177 561
213 167 956
229 244 305
0 74 232
380 49 777
275 24 266
423 457 10
326 423 945
327 179 641
496 44 547
3 121 14
244 499 922
22 469 950
78 378 42
304 57 911
435 396 28
204 458 263
121 152 233
486 339 301
115 433 308
393 26 451
160 278 782
279 22 353
411 204 250
430 61 822
345 144 857
221 74 229
359 424 822
341 358 223
206 437 393
34 258 682
220 334 817
160 248 769
153 41 932
14 281 86
167 363 249
118 223 564
219 377 325
65 43 793
188 284 590
329 201 904
112 459 392
446 436 852
432 474 169
365 56 310
