768 0 767
26 500 188
112 681 823
106 690 502
600 233 798
185 592 478
711 729 779
693 536 786
25 330 862
667 408 648
528 237 458
660 12 864
167 284 575
168 255 497
736 244 910
412 89 199
668 501 251
583 408 414
46 75 656
230 682 682
744 561 348
566 116 653
416 472 644
311 176 837
427 636 638
381 356 196
636 92 530
328 501 298
441 116 367
389 78 167
304 238 736
40 586 449
178 627 741
334 55 177
647 140 904
710 722 981
452 115 170
197 213 883
113 212 107
147 433 899
519 19 670
315 214 9
630 216 968
77 93 973
636 446 537
250 698 507
703 536 540
478 648 84
682 499 771
506 80 847
456 145 879
108 686 644
477 680 882
441 729 300
174 762 519
626 73 681
260 720 800
305 447 778
25 535 548
20 663 408
558 260 71
491 249 30
206 47 713
377 13 935
170 327 842
570 5 522
220 160 971
345 354 85
449 234 497
650 136 9
105 409 184
159 578 102
537 662 792
734 142 728
288 495 910
560 406 878
176 368 45
96 98 41
66 528 246
209 373 535
634 95 596
282 19 578
78 29 861
47 689 966
416 625 89
460 651 331
86 29 174
257 520 431
607 613 802
734 339 5
488 84 678
593 494 375
641 586 846
637 239 230
669 186 124
736 763 962
130 77 830
714 218 737
330 656 163
688 511 115
330 408 782
308 295 908
201 532 327
675 167 648
395 95 688
496 701 962
363 349 818
73 722 944
448 253 190
647 53 767
5 330 929
704 380 964
714 579 154
661 346 354
668 156 575
444 334 130
46 473 76
410 325 380
182 300 68
687 457 536
247 197 768
496 283 848
326 319 434
267 22 901
301 529 777
484 365 564
315 765 789
170 627 276
760 658 53
234 51 396
686 520 334
87 323 281
604 204 431
753 108 391
687 306 732
621 699 845
409 761 163
477 606 257
435 591 110
422 45 117
551 49 74
282 109 896
420 49 128
759 507 806
84 172 970
598 675 59
141 186 41
160 289 29
131 555 976
335 196 28
232 275 678
72 615 747
522 381 534
723 276 879
654 515 653
77 43 293
686 549 364
463 175 484
579 611 465
34 463 617
198 34 356
390 651 543
740 693 966
473 204 908
754 463 261
234 20 815
54 477 370
457 603 72
639 497 107
17 621 51
595 752 703
593 451 515
98 216 906
710 584 657
700 304 616
195 332 850
469 421 406
584 105 881
254 545 126
101 455 180
410 179 241
280 708 895
10 702 503
153 703 498
466 536 560
755 569 759
286 204 748
36 329 947
641 339 466
487 496 361
593 599 708
404 108 22
425 8 917
650 350 924
455 323 769
707 565 385
265 239 391
78 732 392
378 514 781
641 98 325
377 724 662
504 743 348
424 109 626
87 176 404
492 447 341
55 256 70
743 437 780
111 715 643
521 60 204
89 553 33
203 640 492
407 730 129
367 445 2
33 2 129
55 280 835
108 173 201
396 292 10
188 134 475
80 455 801
156 652 91
289 358 336
475 622 977
1 583 616
589 166 94
605 337 158
226 297 625
52 93 17
162 282 690
412 631 503
70 638 37
407 654 530
355 429 858
195 555 519
766 455 462
526 241 321
708 17 598
321 433 861
280 210 867
195 299 160
327 214 181
172 635 351
372 350 790
463 129 694
708 760 49
766 406 856
661 568 742
395 15 151
656 525 29
116 43 585
410 504 143
384 543 569
705 273 729
523 554 785
84 612 758
752 414 467
151 216 494
158 10 346
634 615 641
263 176 403
511 23 309
679 691 634
513 695 396
425 363 316
59 280 232
408 133 418
143 9 79
225 168 537
676 0 555
222 378 455
278 506 827
747 510 185
407 711 381
634 111 859
132 389 140
231 720 79
630 700 57
581 137 839
672 290 337
547 398 726
462 186 889
454 442 223
505 394 24
523 1 448
159 243 146
442 107 34
257 269 61
440 712 985
192 95 929
552 572 917
575 405 913
283 743 619
361 713 660
551 752 699
425 67 567
716 646 399
723 126 237
566 109 603
23 170 242
636 448 29
3 411 657
574 743 998
476 436 259
251 153 114
172 762 199
559 292 116
631 25 104
238 26 269
570 450 827
573 226 994
623 382 503
281 129 765
500 656 602
446 605 154
582 569 816
589 153 457
577 334 552
170 246 695
396 167 793
759 304 909
276 662 124
183 502 331
27 46 299
77 175 813
107 714 45
23 377 239
618 733 547
29 460 864
505 700 805
727 110 471
2 422 548
315 611 315
492 509 651
478 194 215
534 572 487
655 362 776
209 205 278
391 677 606
312 406 605
194 523 170
156 166 757
484 493 190
302 519 372
395 212 807
716 109 324
152 672 333
747 256 45
674 530 602
692 574 112
600 662 139
161 364 560
72 68 387
733 730 643
263 323 105
251 175 661
632 435 893
656 440 274
627 410 794
625 323 316
183 295 66
632 430 27
440 277 768
188 759 919
124 445 126
364 322 564
569 729 166
625 718 539
324 220 454
594 410 559
62 0 798
435 121 15
60 590 892
552 4 377
53 503 655
264 377 12
404 115 889
549 555 354
144 526 764
341 731 131
101 409 726
516 223 942
319 279 652
493 665 132
583 367 368
361 647 985
723 46 193
204 659 291
633 416 110
101 302 873
312 671 607
233 48 157
694 389 162
28 303 164
534 750 804
434 156 641
409 251 673
143 391 626
715 248 143
153 166 491
692 347 440
380 189 229
527 575 990
724 573 194
59 400 949
105 376 245
557 331 576
554 399 634
80 586 150
200 422 304
225 564 803
240 711 268
499 601 912
573 77 894
476 582 259
28 618 570
400 285 519
515 248 890
217 708 921
376 86 743
300 34 30
374 200 852
98 469 851
511 351 515
566 720 115
178 28 60
299 644 630
334 398 269
494 72 266
96 486 112
529 490 93
57 255 10
381 595 515
666 660 453
696 367 204
391 350 371
665 380 186
236 671 436
455 310 718
703 519 467
475 325 674
387 700 651
713 158 567
297 704 518
423 638 678
362 421 372
682 493 407
729 539 726
191 186 260
504 139 860
211 529 372
749 629 911
109 484 240
590 34 57
747 647 994
223 654 731
595 758 546
261 593 365
564 357 754
765 203 560
473 209 323
237 380 610
390 378 917
766 535 909
314 560 146
760 377 107
755 667 451
183 345 757
51 447 823
317 532 401
767 258 804
244 411 75
337 336 242
545 327 591
387 728 395
106 704 756
734 310 594
665 257 117
549 474 658
464 744 43
369 434 692
402 409 584
638 544 550
277 107 662
23 146 335
122 728 82
722 513 576
180 631 310
41 482 593
225 169 934
365 539 532
300 79 757
180 194 210
64 358 747
167 375 938
660 296 304
647 94 786
226 712 866
381 721 159
594 682 244
229 516 216
232 627 786
466 765 863
756 264 414
207 344 609
622 35 631
74 622 586
32 453 315
244 682 873
468 383 539
714 217 129
430 269 446
576 625 563
31 385 652
663 767 315
477 437 17
7 217 0
135 647 877
272 400 776
427 471 843
469 639 143
274 257 201
274 51 512
69 276 64
475 326 297
102 447 41
239 426 81
677 623 151
512 329 662
421 222 302
18 539 444
579 716 653
138 504 857
376 344 954
315 370 283
236 266 95
111 71 699
311 46 840
347 235 250
696 203 302
325 265 919
552 314 859
276 180 655
543 710 524
714 611 779
491 669 460
216 440 199
50 206 426
24 613 416
767 201 509
419 639 502
239 362 389
113 443 893
613 53 90
94 312 795
437 537 125
684 393 717
619 163 151
730 225 742
736 41 430
321 93 130
140 279 868
367 390 959
118 315 3
255 326 733
123 607 884
567 686 348
264 350 388
79 266 973
327 577 533
242 732 550
156 205 313
556 380 545
160 78 258
128 569 209
718 335 686
682 756 387
576 73 931
254 600 871
767 50 759
296 737 761
622 60 502
390 282 160
172 748 399
283 385 794
165 32 670
143 440 8
233 87 577
129 440 178
346 558 481
741 743 956
751 656 240
487 262 411
739 207 943
78 286 346
472 371 930
543 667 466
635 548 614
193 508 21
370 702 831
394 653 2
106 571 451
76 205 178
57 455 896
262 562 561
586 471 362
649 563 475
104 739 499
380 656 124
364 227 318
197 746 661
303 606 628
16 761 992
610 123 507
438 429 696
271 281 342
750 444 191
670 671 625
224 317 170
587 716 367
182 767 820
64 125 907
651 136 912
126 481 26
396 432 405
758 609 532
107 494 795
595 497 646
199 674 914
261 580 155
470 168 803
345 230 773
60 444 687
108 758 653
675 330 635
252 438 335
558 85 571
560 754 217
684 367 672
152 192 462
476 163 116
698 453 456
745 636 575
688 461 771
687 90 361
613 34 490
302 133 274
68 429 982
518 346 418
29 653 70
652 340 879
73 116 499
168 649 599
553 682 609
329 145 518
570 88 640
206 455 722
530 298 559
132 516 509
468 305 820
723 264 563
676 345 367
368 766 705
487 660 929
641 644 919
26 79 680
563 478 619
591 405 131
1 273 253
95 697 233
99 184 117
522 32 722
615 410 662
375 76 878
37 280 584
620 508 786
735 176 616
516 205 950
235 237 172
630 356 826
640 70 206
749 200 889
464 393 506
333 74 138
435 387 542
289 211 495
666 717 145
207 561 125
72 184 152
642 133 515
340 106 556
71 685 759
542 120 79
486 1 790
398 330 780
584 643 569
118 719 535
63 34 375
314 22 880
672 609 447
219 403 778
226 330 752
557 218 454
364 577 836
695 479 159
749 723 955
55 203 108
593 102 668
381 166 297
715 537 491
232 49 760
210 761 527
630 108 648
730 297 879
233 616 240
709 586 838
563 280 351
564 19 561
507 264 542
232 679 175
150 493 99
658 720 469
407 45 524
408 228 35
390 671 131
85 215 892
41 729 232
681 111 663
565 138 418
167 586 959
243 382 285
601 533 848
279 518 725
199 704 272
131 417 86
359 93 624
362 735 658
618 439 84
730 673 911
74 135 421
612 489 951
581 416 653
289 157 362
643 298 394
518 696 763
432 655 540
273 380 379
27 624 493
131 628 701
109 646 547
743 270 681
49 760 936
85 467 46
143 612 552
520 345 609
435 335 20
740 41 252
126 119 220
576 759 25
54 531 720
732 674 948
31 676 188
666 674 998
744 173 409
274 663 788
280 311 15
484 218 578
682 689 201
27 518 372
314 340 773
713 166 646
66 732 466
625 36 448
256 512 328
403 382 679
182 689 612
587 22 484
60 468 731
133 82 177
445 697 51
256 197 355
218 328 289
218 428 549
599 95 213
31 214 701
452 672 680
613 249 456
389 620 199
23 449 252
749 126 676
204 750 314
538 45 176
646 513 82
114 11 296
106 14 415
696 38 470
40 370 73
226 715 263
457 80 494
479 121 517
102 449 352
423 517 137
194 485 515
551 736 54
384 516 318
390 468 328
314 543 11
151 588 532
352 114 78
329 469 145
641 374 932
534 289 890
518 309 390
644 629 607
337 429 47
6 23 834
402 99 405
637 734 699
616 538 428
504 183 279
505 531 168
45 646 743
715 268 600
642 375 819
79 405 351
108 93 778
673 333 668
564 635 59
58 305 873
654 688 135
101 178 681
694 231 434
186 255 863
84 127 715
388 484 424
709 109 932
231 612 888
9 272 189
418 593 613
629 100 704
69 675 326
345 65 60
322 401 827
760 496 440
747 122 770
585 455 350
3 745 550
546 328 100
313 7 539
138 206 153
360 761 75
521 103 52
59 460 29
241 56 516
334 153 446
716 83 976
680 217 947
12 377 52
754 202 592
124 531 548
633 273 83
470 532 251
420 464 293
545 570 318
47 653 782
147 445 372
532 613 455
732 275 449
429 294 504
447 275 514
319 16 225
562 112 260
182 23 858
40 1 39
766 668 291
113 283 267
524 199 801
547 696 825
308 173 790
563 735 862
301 172 594
740 595 847
666 372 684
263 60 176
435 340 918
495 16 610
305 652 750
56 174 368
592 134 100
178 559 727
587 741 818
174 673 795
107 653 207
61 114 521
63 228 400
761 764 250
610 669 333
530 312 828
431 406 449
629 590 462
613 87 928
30 575 884
127 1 804
656 417 322
244 624 22
465 252 429
349 674 798
47 226 729
510 374 184
338 161 500
239 765 124
55 242 206
158 186 961
466 691 531
166 342 279
303 85 474
123 338 316
523 334 83
37 390 531
523 637 239
451 574 650
713 511 938
85 753 749
12 441 491
460 435 152
174 325 876
17 155 960
460 199 24
592 124 801
508 428 590
369 99 803
94 252 784
587 388 829
146 654 718
190 591 722
667 20 110
380 122 677
257 368 584
249 271 95
128 674 327
637 660 162
704 765 234
272 646 732
187 542 262
135 381 897
131 426 975
166 137 743
332 654 471
206 593 622
178 495 481
645 436 265
337 218 91
638 461 570
509 37 976
683 89 859
739 184 689
600 653 354
533 266 264
759 417 408
548 57 86
500 373 837
381 469 152
631 439 864
99 759 851
155 569 178
647 767 421
599 295 895
94 483 484
713 1 524
355 151 309
111 334 450
175 695 912
325 45 251
346 329 208
626 755 858
330 765 60
485 319 73
289 244 409
183 763 864
555 706 58
746 479 933
80 494 163
686 321 940
533 227 70
764 255 399
249 477 367
489 139 723
125 506 505
459 295 793
93 572 762
204 673 819
654 237 470
586 724 767
706 623 356
475 384 853
590 539 282
145 2 90
361 651 820
679 437 855
487 300 272
343 722 711
676 431 863
348 717 660
264 637 985
274 589 295
268 512 336
242 241 578
626 557 962
691 78 635
472 589 451
758 150 151
407 718 376
521 134 606
593 327 146
508 90 488
100 435 102
698 673 479
618 355 217
428 754 942
296 218 630
225 143 225
116 599 533
110 72 310
150 127 646
79 486 489
503 54 215
699 169 301
749 326 97
361 619 947
165 48 935
521 292 142
576 10 30
163 440 49
624 754 660
347 247 880
728 335 958
415 767 234
707 671 88
619 299 672
445 328 334
238 245 732
725 625 937
382 72 199
92 398 396
105 467 78
545 759 756
458 554 977
330 614 830
563 638 523
251 243 810
398 506 370
304 437 661
85 463 31
581 472 405
694 321 150
712 139 832
510 758 455
327 741 460
306 286 413
11 594 261
351 767 449
677 746 730
474 673 711
630 410 834
552 639 200
370 413 6
264 568 163
106 138 338
170 336 761
617 161 300
699 78 352
184 492 474
401 385 839
579 283 329
106 763 125
582 733 131
68 82 159
300 761 204
117 734 314
467 24 145
227 355 666
601 713 928
556 15 451
735 743 154
229 756 981
700 58 406
131 56 941
431 686 810
84 336 358
223 314 473
604 459 240
117 27 882
175 76 118
214 436 194
118 343 904
148 758 152
355 499 589
598 749 74
767 252 704
266 649 361
493 76 503
747 130 798
187 5 669
751 692 836
664 572 649
79 521 301
728 413 140
290 408 432
471 398 775
735 330 886
89 673 953
11 486 901
583 282 614
303 32 237
35 669 140
131 459 663
75 266 625
709 249 381
175 218 984
472 130 22
332 320 778
746 751 312
597 157 834
502 383 963
404 732 983
164 650 106
57 627 187
168 571 45
463 737 175
457 28 732
732 687 260
260 681 769
38 767 448
310 447 916
74 509 613
749 60 751
512 116 542
293 757 514
484 24 656
443 155 600
606 21 889
164 485 342
209 672 992
765 490 429
474 625 980
298 310 231
526 528 433
359 702 107
325 541 590
332 402 933
279 211 763
719 677 594
227 19 359
661 450 942
313 382 512
346 88 533
588 315 889
636 361 430
126 544 814
444 646 35
488 276 584
119 103 895
572 701 330
165 70 155
527 629 432
308 723 457
578 738 178
64 289 550
452 117 377
752 157 788
424 90 182
733 705 918
21 369 153
488 710 393
58 519 748
438 322 893
25 308 543
245 581 655
137 212 214
471 540 344
397 312 912
573 641 970
151 206 442
544 178 513
19 532 536
11 621 615
548 603 93
621 130 435
529 247 615
456 76 690
674 650 787
477 242 535
43 601 877
523 266 337
441 658 342
568 443 229
357 697 275
211 571 722
640 95 186
114 253 31
737 649 335
477 699 583
578 590 874
84 743 719
312 303 228
536 490 586
240 513 553
322 265 632
639 45 220
61 395 772
48 85 968
32 576 250
224 105 467
644 320 689
10 376 953
86 325 22
731 655 90
377 429 630
563 288 661
764 475 257
544 154 813
245 559 83
512 735 263
535 411 774
19 122 321
561 64 68
497 154 717
9 357 291
741 472 981
253 626 761
224 288 831
272 366 885
338 254 148
535 524 238
716 735 454
237 489 783
259 730 932
670 76 822
334 442 948
429 603 508
136 42 911
429 66 993
672 255 387
653 647 606
250 186 780
13 590 525
333 636 443
511 506 15
308 464 304
523 318 368
385 185 485
209 317 165
694 689 991
624 271 164
501 73 94
374 413 274
541 581 321
662 71 533
383 321 170
357 416 616
329 734 939
416 756 916
61 722 870
677 14 899
19 287 899
714 588 334
612 251 385
371 418 377
433 512 663
744 233 695
177 607 935
515 340 476
433 246 867
242 423 529
627 62 378
106 76 415
663 312 509
708 548 770
315 391 798
677 110 263
29 548 600
491 732 290
42 18 272
187 388 104
269 456 777
675 488 865
477 756 508
517 532 544
196 133 897
230 346 375
511 755 770
663 199 473
590 727 479
422 574 118
115 545 835
191 635 887
33 568 513
548 567 643
37 397 396
569 640 235
360 608 292
411 629 140
543 591 913
636 629 429
517 696 622
553 71 150
41 4 565
362 371 342
460 661 152
124 433 845
717 725 451
194 655 982
595 328 723
85 330 440
147 387 941
169 354 107
7 252 860
407 276 773
61 209 477
101 389 919
212 716 636
328 269 972
767 235 224
561 687 550
119 253 667
188 96 936
98 488 400
52 631 638
362 334 889
217 299 785
701 375 19
660 426 736
627 116 705
381 501 44
343 670 388
432 81 588
465 170 363
5 439 747
549 677 84
371 330 170
12 108 430
752 395 712
291 282 951
460 392 58
608 588 575
680 509 525
89 759 236
577 753 53
462 485 209
361 757 143
373 230 690
171 218 558
711 501 762
66 582 896
8 429 76
5 554 417
382 144 424
321 478 212
103 173 34
358 530 636
209 630 341
180 659 474
551 653 444
534 109 979
220 654 101
658 398 708
317 508 779
196 704 710
34 372 994
257 351 833
697 411 517
733 216 94
609 53 104
505 421 671
549 514 133
0 259 773
761 35 164
270 351 702
391 482 517
151 501 171
0 204 251
83 220 543
248 336 705
136 66 630
238 524 689
98 68 732
231 298 242
272 122 514
744 586 520
385 458 584
246 666 915
185 749 926
691 712 865
743 631 294
631 448 28
618 515 472
575 28 379
549 411 207
396 117 568
164 575 583
469 707 471
424 475 53
225 50 333
469 472 607
743 476 845
355 730 132
16 279 593
204 765 682
635 506 445
658 397 880
152 528 795
