1000 0 999
854 988 570
336 273 790
518 726 689
871 420 87
191 808 103
161 964 977
420 126 232
86 354 472
121 190 76
788 720 96
172 169 256
395 58 347
832 440 97
928 88 254
163 790 592
850 987 464
451 984 360
251 330 530
513 537 190
748 115 457
253 874 64
696 637 247
314 432 783
267 894 499
459 639 923
965 209 720
833 852 856
278 965 511
648 371 459
608 183 598
886 341 331
809 614 18
469 503 787
2 242 559
347 998 832
233 222 552
712 165 130
374 649 755
726 81 781
908 933 821
106 192 249
523 407 681
32 946 656
669 688 133
648 441 931
630 131 144
903 391 437
747 821 929
906 58 787
229 75 985
200 512 2
885 228 365
802 630 554
634 469 191
338 707 52
344 415 461
245 501 154
571 964 439
729 45 64
296 472 791
744 604 690
710 738 211
876 564 216
482 606 92
352 794 383
130 991 272
652 753 385
867 716 768
31 85 779
407 525 920
721 651 663
130 447 961
7 627 309
823 806 859
667 798 757
353 722 20
766 702 341
238 276 231
289 490 619
793 791 618
326 167 698
797 492 239
834 127 757
299 971 969
918 92 626
187 399 368
990 774 302
892 855 822
754 253 789
268 653 951
479 114 390
441 71 472
99 176 871
931 904 327
866 245 454
680 945 496
723 237 288
427 745 79
941 55 518
640 836 740
888 932 634
756 778 393
876 393 24
503 178 202
147 722 286
584 265 517
595 671 692
721 868 961
205 244 499
340 885 124
650 196 400
642 329 147
302 947 421
836 711 641
273 223 899
377 99 262
659 646 309
278 383 691
239 162 461
277 422 546
635 46 955
336 905 358
858 115 190
852 293 12
797 67 877
350 371 0
13 299 816
199 154 289
776 700 763
675 517 911
969 604 859
114 755 606
327 644 753
568 61 344
650 263 740
183 108 51
536 225 31
610 197 51
303 50 178
491 565 384
889 807 264
390 74 363
469 192 143
777 336 87
247 634 478
719 810 971
929 435 782
939 663 424
748 8 351
495 738 922
912 276 622
343 752 412
995 774 183
203 731 439
334 907 890
215 862 953
706 193 929
849 497 456
671 153 683
521 774 579
980 341 682
573 742 573
293 666 564
366 955 395
505 867 340
512 912 170
983 96 481
735 143 265
996 172 156
65 589 826
473 611 740
873 542 349
687 931 570
765 463 135
950 540 340
730 944 915
126 120 931
834 857 607
791 680 491
948 139 468
54 559 156
457 829 842
847 649 36
351 27 121
296 471 572
993 376 750
654 191 679
172 391 273
199 567 230
112 180 660
342 453 90
252 329 643
27 579 35
628 105 300
876 48 908
55 177 496
529 365 769
0 112 691
599 338 64
273 112 864
889 727 242
337 661 957
318 381 116
904 724 244
90 645 226
96 247 14
625 691 836
529 469 418
165 888 110
393 271 243
647 257 199
809 795 364
660 878 719
377 458 990
191 323 884
320 281 716
597 542 224
894 931 744
606 458 657
880 202 330
40 344 898
568 897 239
188 866 41
467 567 341
681 249 921
478 33 400
772 680 537
963 866 215
476 396 785
731 193 510
22 352 759
900 402 922
484 157 219
222 650 304
130 964 279
716 396 457
375 576 55
136 920 682
387 864 770
267 370 377
865 991 189
56 464 466
189 667 548
142 747 94
74 441 540
83 286 644
973 519 513
918 679 353
278 670 286
247 905 944
724 561 204
662 685 262
192 384 478
237 948 551
127 284 261
995 683 188
66 588 584
478 971 445
783 158 302
444 561 574
757 158 619
398 63 160
776 902 969
945 706 38
409 643 317
989 279 32
512 709 529
521 168 240
433 161 563
660 53 760
950 441 274
35 44 452
518 577 515
548 289 225
412 457 679
415 951 972
301 525 465
585 93 974
643 722 471
790 808 478
830 21 3
822 197 850
66 791 756
452 291 403
499 460 521
306 801 518
563 183 505
190 817 373
442 856 356
432 546 783
17 439 238
703 498 591
368 407 393
596 158 461
170 232 731
805 652 694
492 405 659
536 25 448
781 884 85
58 206 141
252 866 187
86 801 971
928 897 1
925 102 398
431 162 893
343 469 754
529 376 332
279 828 140
696 157 88
410 938 441
775 454 899
610 361 564
474 829 561
584 955 602
653 929 757
852 247 324
821 102 253
724 228 497
338 558 666
882 126 891
421 736 761
351 106 195
71 407 415
872 745 696
82 977 128
769 986 849
206 482 192
237 835 934
529 662 833
476 403 636
804 444 225
348 265 628
13 201 786
402 289 889
92 980 994
158 653 379
498 45 741
870 785 851
600 723 646
523 636 792
799 93 966
112 707 721
844 777 640
640 894 513
143 395 421
345 784 781
144 394 58
763 104 828
971 380 271
518 609 972
505 839 435
994 646 755
783 785 812
241 208 148
637 377 507
19 306 91
166 362 292
899 438 792
322 816 788
997 500 363
900 380 875
493 993 608
67 217 856
555 158 577
831 49 109
253 10 188
6 910 42
625 661 16
930 639 624
950 647 496
140 783 635
95 669 110
487 433 222
151 251 921
165 877 843
412 730 553
695 595 132
493 311 446
184 831 385
93 671 233
529 978 322
429 731 386
605 781 56
675 861 784
435 304 239
617 7 271
23 530 727
611 58 838
161 253 416
219 32 357
177 606 220
423 859 153
352 673 293
455 264 897
3 273 877
267 87 601
471 199 400
427 750 73
274 579 724
746 250 65
634 364 123
113 22 171
802 567 350
23 250 744
508 798 957
236 213 630
216 920 631
856 242 256
799 608 753
81 685 481
161 683 20
622 225 54
866 426 395
564 984 585
352 708 398
120 766 231
639 87 328
347 12 775
760 629 463
205 947 779
422 310 489
688 786 222
583 608 716
241 819 195
43 170 844
327 596 425
619 53 502
719 129 110
296 310 31
215 538 860
28 183 997
206 847 1
760 328 481
36 32 650
861 936 130
295 551 244
984 367 463
683 455 196
345 100 25
458 162 248
635 816 712
815 669 123
150 259 601
361 995 54
458 402 678
776 114 555
488 960 760
309 510 3
413 882 34
987 793 967
53 79 991
181 971 760
74 898 890
587 626 125
712 674 38
838 889 94
39 515 418
183 271 303
133 459 893
548 273 997
710 722 629
357 522 192
33 982 360
647 568 884
878 871 486
92 137 304
707 494 141
578 921 629
305 16 647
63 323 543
90 551 228
13 733 504
431 205 85
764 555 791
236 139 258
715 648 927
997 78 102
356 439 77
848 93 835
310 545 705
154 263 353
325 5 550
554 451 363
279 637 520
727 580 273
67 658 638
201 808 712
818 9 61
378 287 445
268 151 116
910 879 63
783 378 50
910 943 878
322 458 843
803 956 729
195 795 16
393 780 70
659 773 290
205 748 633
717 914 718
683 374 338
628 246 979
729 564 756
118 248 914
7 948 197
837 548 457
591 254 812
728 379 36
384 392 240
509 785 619
77 359 274
864 578 221
858 736 681
181 706 941
218 758 311
958 37 526
20 808 632
465 87 807
901 927 246
738 38 300
750 124 400
507 904 38
841 572 552
65 104 154
644 978 760
226 373 423
920 645 21
990 226 574
773 132 366
319 913 314
890 230 667
252 600 909
929 212 20
447 340 723
720 198 990
687 606 442
559 192 754
396 499 909
930 944 723
244 2 513
39 102 488
86 365 896
729 810 705
54 686 242
778 146 663
711 236 506
10 251 142
912 703 360
802 795 155
148 5 154
47 89 203
889 229 241
168 28 831
702 85 24
939 655 661
121 703 463
578 502 925
864 769 161
3 717 199
194 650 757
822 803 256
506 201 166
20 161 632
123 974 645
183 166 96
596 393 485
957 563 29
22 725 269
42 967 490
766 117 904
914 999 147
394 561 346
685 987 714
340 384 921
257 626 949
204 409 268
276 905 141
615 511 568
517 855 782
215 775 697
151 743 23
254 408 84
429 491 275
659 818 661
724 756 254
307 130 990
88 548 56
337 539 255
678 7 754
497 121 940
64 888 499
373 670 950
72 957 146
474 895 289
112 369 90
45 72 690
338 496 475
542 697 515
875 886 397
663 911 511
910 355 151
872 877 85
738 948 48
352 74 411
638 467 729
515 740 123
330 715 681
566 526 32
228 512 785
849 568 396
528 237 506
816 122 125
791 858 800
195 92 961
618 745 683
956 784 671
678 39 337
412 380 677
372 149 989
55 417 620
780 553 786
912 624 518
523 810 542
578 203 240
455 93 630
234 506 8
585 177 22
776 770 447
357 471 145
586 720 841
54 259 107
324 144 227
445 841 239
60 519 512
672 885 654
872 811 144
495 803 577
230 302 247
199 538 2
881 410 154
696 797 742
241 715 200
519 402 693
14 491 911
981 712 258
352 237 269
794 288 94
857 380 168
290 67 69
311 774 728
786 593 242
973 523 75
287 545 706
665 596 833
233 15 140
621 693 468
615 184 810
565 819 446
988 422 39
342 872 786
517 30 901
11 218 205
867 61 147
275 566 653
877 997 94
120 672 309
910 182 81
231 446 157
395 406 352
817 681 636
644 201 915
912 648 221
11 666 984
75 395 346
933 329 996
743 485 621
117 91 88
345 758 987
338 58 0
301 881 215
628 618 677
742 524 923
230 482 562
447 815 369
11 946 350
714 55 18
476 420 584
651 687 817
332 666 489
81 568 615
397 435 755
459 422 446
317 889 292
310 538 705
204 170 47
847 274 834
424 675 486
718 579 201
656 842 653
8 401 438
206 552 120
745 931 740
853 541 433
192 301 397
897 116 907
356 900 869
656 135 748
21 166 666
36 209 326
153 589 585
364 788 894
732 276 590
64 401 420
303 867 274
366 836 704
75 736 736
77 745 689
517 486 981
738 995 574
855 22 289
937 519 144
873 957 327
168 44 957
325 473 767
481 869 842
750 422 858
719 493 581
797 339 662
955 78 748
796 13 535
59 942 277
433 655 367
989 37 493
994 335 549
102 954 406
459 189 104
21 343 563
798 146 22
641 576 263
509 473 650
957 685 978
868 357 745
438 211 28
787 193 145
913 396 24
428 439 866
916 340 802
515 786 822
136 688 360
830 909 501
614 945 794
525 238 232
604 907 425
864 821 331
736 711 457
534 780 945
462 900 954
608 640 308
86 530 705
927 355 132
522 115 573
29 9 308
907 517 519
644 148 388
747 586 141
279 824 201
556 677 449
663 52 631
805 926 37
262 58 904
615 71 794
163 275 481
204 540 574
943 657 951
707 745 917
445 228 109
245 750 797
763 27 558
429 942 330
324 481 862
128 917 631
194 128 792
620 346 609
658 546 195
567 497 954
988 484 30
66 454 634
844 378 552
847 77 41
575 22 355
431 725 462
491 679 897
969 374 532
244 419 82
460 428 597
390 308 961
797 314 994
4 252 788
513 224 3
823 685 424
715 358 27
504 904 695
628 832 545
706 590 443
678 72 287
126 246 513
383 476 709
358 32 181
590 165 389
583 947 306
484 701 222
714 457 491
410 91 929
828 459 680
256 755 223
449 919 221
871 990 829
880 302 668
385 85 301
129 610 696
569 321 331
352 74 490
829 786 192
629 507 328
12 451 676
447 472 391
817 430 156
291 460 226
958 834 864
582 413 68
299 352 971
584 357 703
948 107 299
609 999 807
757 696 408
24 440 980
807 583 104
132 881 737
534 886 16
866 170 822
530 867 541
363 147 67
358 989 56
801 967 99
185 431 331
281 522 554
262 702 199
382 137 187
401 494 320
880 832 42
626 585 23
705 429 629
959 750 195
63 401 639
565 445 756
639 570 806
447 902 507
721 203 550
887 112 424
14 710 483
899 468 237
185 97 115
317 458 834
500 255 695
356 745 208
259 899 637
941 819 818
607 164 496
785 501 134
654 556 900
332 661 723
966 845 148
419 389 762
349 936 371
783 107 805
428 518 97
602 827 721
4 513 410
483 144 741
213 307 985
487 997 254
720 350 194
209 261 346
314 888 163
662 950 326
743 903 516
521 834 653
815 977 830
14 306 781
517 433 196
73 93 845
188 832 496
935 758 522
400 586 598
267 328 582
553 104 157
519 892 38
579 721 404
737 724 853
332 70 699
467 884 101
271 156 366
502 411 962
373 271 202
342 46 47
320 790 417
978 619 65
240 258 272
632 517 278
162 243 699
217 518 501
195 698 578
990 871 420
107 347 178
825 630 251
774 128 774
336 712 559
764 880 638
31 413 104
64 187 877
612 548 812
881 485 883
733 498 991
282 101 150
54 779 958
320 909 585
289 743 890
339 516 21
953 519 306
54 4 16
789 920 220
50 554 481
774 634 488
236 501 907
279 766 303
3 569 893
615 740 832
711 487 430
852 976 136
569 798 934
192 601 863
663 606 298
590 562 684
603 986 315
770 103 204
647 11 742
159 207 990
178 239 162
980 261 956
627 808 448
337 754 248
487 317 486
7 616 790
816 340 226
292 875 58
49 185 447
749 640 443
236 582 376
284 372 747
652 566 809
814 551 742
646 536 245
340 106 898
175 900 639
8 594 116
160 915 303
626 216 529
324 82 64
162 121 337
768 458 536
345 623 478
387 137 910
397 753 727
702 452 683
645 106 678
745 462 463
279 450 59
63 755 600
15 781 311
922 771 851
275 307 582
280 779 96
149 765 377
870 579 926
289 913 877
126 121 514
381 203 474
8 512 344
591 903 726
881 873 222
734 865 580
346 700 944
34 344 80
665 242 408
171 7 789
469 32 311
605 193 549
224 617 13
797 607 313
997 484 767
